#No.15 `pauder reflection data' 

400 	0.123853211009174
401.171875 	0.123853211009174
402.34375 	0.123853211009174
403.515625 	0.123853211009174
404.6875 	0.123853211009174
405.859375 	0.123853211009174
407.03125 	0.119266055045872
408.203125 	0.119266055045872
409.375 	0.119266055045872
410.546875 	0.119266055045872
411.71875 	0.119266055045872
412.890625 	0.119266055045872
414.0625 	0.119266055045872
415.234375 	0.119266055045872
416.40625 	0.119266055045872
417.578125 	0.114678899082569
418.75 	0.114678899082569
419.921875 	0.114678899082569
421.09375 	0.114678899082569
422.265625 	0.114678899082569
423.4375 	0.114678899082569
424.609375 	0.114678899082569
425.78125 	0.114678899082569
426.953125 	0.110091743119266
428.125 	0.110091743119266
429.296875 	0.110091743119266
430.46875 	0.110091743119266
431.640625 	0.110091743119266
432.8125 	0.105504587155963
433.984375 	0.105504587155963
435.15625 	0.105504587155963
436.328125 	0.105504587155963
437.5 	0.105504587155963
438.671875 	0.100917431192661
439.84375 	0.100917431192661
441.015625 	0.100917431192661
442.1875 	0.0963302752293578
443.359375 	0.0963302752293578
444.53125 	0.0917431192660551
445.703125 	0.0917431192660551
446.875 	0.0917431192660551
448.046875 	0.0871559633027523
449.21875 	0.0871559633027523
450.390625 	0.0825688073394495
451.5625 	0.0825688073394495
452.734375 	0.0779816513761468
453.90625 	0.0779816513761468
455.078125 	0.073394495412844
456.25 	0.0688073394495413
457.421875 	0.0688073394495413
458.59375 	0.0642201834862385
459.765625 	0.0642201834862385
460.9375 	0.0596330275229358
462.109375 	0.0596330275229358
463.28125 	0.055045871559633
464.453125 	0.055045871559633
465.625 	0.0504587155963303
466.796875 	0.0504587155963303
467.96875 	0.0458715596330275
469.140625 	0.0458715596330275
470.3125 	0.0412844036697248
471.484375 	0.0412844036697248
472.65625 	0.036697247706422
473.828125 	0.036697247706422
475 	0.036697247706422
476.171875 	0.0321100917431193
477.34375 	0.0321100917431193
478.515625 	0.0275229357798165
479.6875 	0.0275229357798165
480.859375 	0.0275229357798165
482.03125 	0.0275229357798165
483.203125 	0.0275229357798165
484.375 	0.0275229357798165
485.546875 	0.0275229357798165
486.71875 	0.0275229357798165
487.890625 	0.0229357798165138
489.0625 	0.0229357798165138
490.234375 	0.0229357798165138
491.40625 	0.0229357798165138
492.578125 	0.0229357798165138
493.75 	0.0229357798165138
494.921875 	0.0229357798165138
496.09375 	0.0229357798165138
497.265625 	0.0229357798165138
498.4375 	0.0229357798165138
499.609375 	0.0229357798165138
500.78125 	0.0229357798165138
501.953125 	0.0229357798165138
503.125 	0.0229357798165138
504.296875 	0.0229357798165138
505.46875 	0.0229357798165138
506.640625 	0.0229357798165138
507.8125 	0.0229357798165138
508.984375 	0.0229357798165138
510.15625 	0.0229357798165138
511.328125 	0.0229357798165138
512.5 	0.0229357798165138
513.671875 	0.0229357798165138
514.84375 	0.0229357798165138
516.015625 	0.0229357798165138
517.1875 	0.0229357798165138
518.359375 	0.0229357798165138
519.53125 	0.0229357798165138
520.703125 	0.0229357798165138
521.875 	0.0229357798165138
523.046875 	0.0229357798165138
524.21875 	0.0229357798165138
525.390625 	0.0229357798165138
526.5625 	0.0229357798165138
527.734375 	0.0229357798165138
528.90625 	0.0229357798165138
530.078125 	0.0229357798165138
531.25 	0.0229357798165138
532.421875 	0.0229357798165138
533.59375 	0.0229357798165138
534.765625 	0.0229357798165138
535.9375 	0.0229357798165138
537.109375 	0.0229357798165138
538.28125 	0.0229357798165138
539.453125 	0.0229357798165138
540.625 	0.0229357798165138
541.796875 	0.0229357798165138
542.96875 	0.0229357798165138
544.140625 	0.0229357798165138
545.3125 	0.0229357798165138
546.484375 	0.0229357798165138
547.65625 	0.0229357798165138
548.828125 	0.0229357798165138
550 	0.0229357798165138
551.171875 	0.0229357798165138
552.34375 	0.0229357798165138
553.515625 	0.0229357798165138
554.6875 	0.0229357798165138
555.859375 	0.0229357798165138
557.03125 	0.0229357798165138
558.203125 	0.0275229357798165
559.375 	0.0275229357798165
560.546875 	0.0275229357798165
561.71875 	0.0275229357798165
562.890625 	0.0275229357798165
564.0625 	0.0275229357798165
565.234375 	0.0275229357798165
566.40625 	0.0275229357798165
567.578125 	0.0275229357798165
568.75 	0.0275229357798165
569.921875 	0.0275229357798165
571.09375 	0.0321100917431193
572.265625 	0.0321100917431193
573.4375 	0.0321100917431193
574.609375 	0.0321100917431193
575.78125 	0.0321100917431193
576.953125 	0.0321100917431193
578.125 	0.036697247706422
579.296875 	0.036697247706422
580.46875 	0.036697247706422
581.640625 	0.0412844036697248
582.8125 	0.0412844036697248
583.984375 	0.0412844036697248
585.15625 	0.0458715596330275
586.328125 	0.0458715596330275
587.5 	0.0504587155963303
588.671875 	0.0504587155963303
589.84375 	0.055045871559633
591.015625 	0.0596330275229358
592.1875 	0.0642201834862385
593.359375 	0.0688073394495413
594.53125 	0.073394495412844
595.703125 	0.0825688073394495
596.875 	0.0871559633027523
598.046875 	0.0963302752293578
599.21875 	0.100917431192661
600.390625 	0.110091743119266
601.5625 	0.119266055045872
602.734375 	0.128440366972477
603.90625 	0.142201834862385
605.078125 	0.151376146788991
606.25 	0.160550458715596
607.421875 	0.169724770642202
608.59375 	0.18348623853211
609.765625 	0.192660550458716
610.9375 	0.206422018348624
612.109375 	0.224770642201835
613.28125 	0.252293577981651
614.453125 	0.275229357798165
615.625 	0.293577981651376
616.796875 	0.311926605504587
617.96875 	0.334862385321101
619.140625 	0.348623853211009
620.3125 	0.36697247706422
621.484375 	0.389908256880734
622.65625 	0.408256880733945
623.828125 	0.422018348623853
625 	0.435779816513761
626.171875 	0.454128440366972
627.34375 	0.472477064220183
628.515625 	0.495412844036697
629.6875 	0.504587155963303
630.859375 	0.527522935779816
632.03125 	0.536697247706422
633.203125 	0.559633027522936
634.375 	0.577981651376147
635.546875 	0.587155963302752
636.71875 	0.596330275229358
637.890625 	0.610091743119266
639.0625 	0.623853211009174
640.234375 	0.63302752293578
641.40625 	0.642201834862385
642.578125 	0.655963302752294
643.75 	0.665137614678899
644.921875 	0.674311926605505
646.09375 	0.678899082568807
647.265625 	0.688073394495413
648.4375 	0.692660550458716
649.609375 	0.697247706422018
650.78125 	0.701834862385321
651.953125 	0.706422018348624
653.125 	0.715596330275229
654.296875 	0.720183486238532
655.46875 	0.724770642201835
656.640625 	0.729357798165138
657.8125 	0.73394495412844
658.984375 	0.738532110091743
660.15625 	0.743119266055046
661.328125 	0.743119266055046
662.5 	0.747706422018349
663.671875 	0.752293577981651
664.84375 	0.756880733944954
666.015625 	0.756880733944954
667.1875 	0.761467889908257
668.359375 	0.761467889908257
669.53125 	0.76605504587156
670.703125 	0.770642201834862
671.875 	0.770642201834862
673.046875 	0.775229357798165
674.21875 	0.775229357798165
675.390625 	0.779816513761468
676.5625 	0.779816513761468
677.734375 	0.784403669724771
678.90625 	0.784403669724771
680.078125 	0.784403669724771
681.25 	0.788990825688073
682.421875 	0.788990825688073
683.59375 	0.788990825688073
684.765625 	0.793577981651376
685.9375 	0.793577981651376
687.109375 	0.793577981651376
688.28125 	0.793577981651376
689.453125 	0.798165137614679
690.625 	0.798165137614679
691.796875 	0.798165137614679
692.96875 	0.798165137614679
694.140625 	0.802752293577982
695.3125 	0.802752293577982
696.484375 	0.802752293577982
697.65625 	0.802752293577982
698.828125 	0.802752293577982
