#No.64 `pauder reflection data'

400 	0.0454545454545455
401.171875 	0.0454545454545455
402.34375 	0.0454545454545455
403.515625 	0.0454545454545455
404.6875 	0.0454545454545455
405.859375 	0.0454545454545455
407.03125 	0.0454545454545455
408.203125 	0.0454545454545455
409.375 	0.0454545454545455
410.546875 	0.0454545454545455
411.71875 	0.0454545454545455
412.890625 	0.0454545454545455
414.0625 	0.0454545454545455
415.234375 	0.0454545454545455
416.40625 	0.0454545454545455
417.578125 	0.0454545454545455
418.75 	0.0454545454545455
419.921875 	0.0454545454545455
421.09375 	0.0454545454545455
422.265625 	0.0454545454545455
423.4375 	0.0454545454545455
424.609375 	0.0454545454545455
425.78125 	0.0454545454545455
426.953125 	0.0454545454545455
428.125 	0.0454545454545455
429.296875 	0.0454545454545455
430.46875 	0.0454545454545455
431.640625 	0.0454545454545455
432.8125 	0.0454545454545455
433.984375 	0.0454545454545455
435.15625 	0.0454545454545455
436.328125 	0.0454545454545455
437.5 	0.0454545454545455
438.671875 	0.0454545454545455
439.84375 	0.0454545454545455
441.015625 	0.0454545454545455
442.1875 	0.0454545454545455
443.359375 	0.0454545454545455
444.53125 	0.0454545454545455
445.703125 	0.0454545454545455
446.875 	0.0454545454545455
448.046875 	0.0454545454545455
449.21875 	0.0454545454545455
450.390625 	0.0454545454545455
451.5625 	0.0454545454545455
452.734375 	0.0454545454545455
453.90625 	0.0454545454545455
455.078125 	0.0454545454545455
456.25 	0.0454545454545455
457.421875 	0.0454545454545455
458.59375 	0.0454545454545455
459.765625 	0.0454545454545455
460.9375 	0.0454545454545455
462.109375 	0.0454545454545455
463.28125 	0.0454545454545455
464.453125 	0.0454545454545455
465.625 	0.0454545454545455
466.796875 	0.0454545454545455
467.96875 	0.05
469.140625 	0.05
470.3125 	0.05
471.484375 	0.05
472.65625 	0.05
473.828125 	0.05
475 	0.05
476.171875 	0.05
477.34375 	0.05
478.515625 	0.05
479.6875 	0.05
480.859375 	0.05
482.03125 	0.05
483.203125 	0.05
484.375 	0.05
485.546875 	0.05
486.71875 	0.05
487.890625 	0.05
489.0625 	0.05
490.234375 	0.0545454545454545
491.40625 	0.0545454545454545
492.578125 	0.0545454545454545
493.75 	0.0545454545454545
494.921875 	0.0545454545454545
496.09375 	0.0545454545454545
497.265625 	0.0545454545454545
498.4375 	0.0545454545454545
499.609375 	0.0545454545454545
500.78125 	0.0545454545454545
501.953125 	0.0545454545454545
503.125 	0.0545454545454545
504.296875 	0.0545454545454545
505.46875 	0.0545454545454545
506.640625 	0.0545454545454545
507.8125 	0.0545454545454545
508.984375 	0.0545454545454545
510.15625 	0.0590909090909091
511.328125 	0.0590909090909091
512.5 	0.0590909090909091
513.671875 	0.0590909090909091
514.84375 	0.0590909090909091
516.015625 	0.0590909090909091
517.1875 	0.0590909090909091
518.359375 	0.0590909090909091
519.53125 	0.0590909090909091
520.703125 	0.0590909090909091
521.875 	0.0590909090909091
523.046875 	0.0590909090909091
524.21875 	0.0590909090909091
525.390625 	0.0590909090909091
526.5625 	0.0636363636363636
527.734375 	0.0636363636363636
528.90625 	0.0636363636363636
530.078125 	0.0636363636363636
531.25 	0.0636363636363636
532.421875 	0.0636363636363636
533.59375 	0.0681818181818182
534.765625 	0.0681818181818182
535.9375 	0.0681818181818182
537.109375 	0.0681818181818182
538.28125 	0.0681818181818182
539.453125 	0.0681818181818182
540.625 	0.0681818181818182
541.796875 	0.0727272727272727
542.96875 	0.0727272727272727
544.140625 	0.0727272727272727
545.3125 	0.0727272727272727
546.484375 	0.0727272727272727
547.65625 	0.0727272727272727
548.828125 	0.0772727272727273
550 	0.0772727272727273
551.171875 	0.0818181818181818
552.34375 	0.0818181818181818
553.515625 	0.0818181818181818
554.6875 	0.0818181818181818
555.859375 	0.0818181818181818
557.03125 	0.0863636363636364
558.203125 	0.0863636363636364
559.375 	0.0863636363636364
560.546875 	0.0863636363636364
561.71875 	0.0909090909090909
562.890625 	0.0909090909090909
564.0625 	0.0954545454545455
565.234375 	0.0954545454545455
566.40625 	0.1
567.578125 	0.104545454545455
568.75 	0.109090909090909
569.921875 	0.113636363636364
571.09375 	0.118181818181818
572.265625 	0.127272727272727
573.4375 	0.131818181818182
574.609375 	0.140909090909091
575.78125 	0.15
576.953125 	0.159090909090909
578.125 	0.172727272727273
579.296875 	0.181818181818182
580.46875 	0.195454545454545
581.640625 	0.209090909090909
582.8125 	0.222727272727273
583.984375 	0.236363636363636
585.15625 	0.245454545454545
586.328125 	0.263636363636364
587.5 	0.281818181818182
588.671875 	0.3
589.84375 	0.318181818181818
591.015625 	0.331818181818182
592.1875 	0.345454545454545
593.359375 	0.363636363636364
594.53125 	0.377272727272727
595.703125 	0.395454545454545
596.875 	0.409090909090909
598.046875 	0.422727272727273
599.21875 	0.436363636363636
600.390625 	0.45
601.5625 	0.463636363636364
602.734375 	0.477272727272727
603.90625 	0.495454545454545
605.078125 	0.509090909090909
606.25 	0.522727272727273
607.421875 	0.536363636363636
608.59375 	0.545454545454545
609.765625 	0.563636363636364
610.9375 	0.577272727272727
612.109375 	0.590909090909091
613.28125 	0.6
614.453125 	0.613636363636364
615.625 	0.627272727272727
616.796875 	0.640909090909091
617.96875 	0.65
619.140625 	0.663636363636364
620.3125 	0.672727272727273
621.484375 	0.681818181818182
622.65625 	0.690909090909091
623.828125 	0.7
625 	0.709090909090909
626.171875 	0.713636363636364
627.34375 	0.718181818181818
628.515625 	0.727272727272727
629.6875 	0.731818181818182
630.859375 	0.736363636363636
632.03125 	0.740909090909091
633.203125 	0.745454545454545
634.375 	0.75
635.546875 	0.754545454545455
636.71875 	0.759090909090909
637.890625 	0.763636363636364
639.0625 	0.768181818181818
640.234375 	0.768181818181818
641.40625 	0.772727272727273
642.578125 	0.777272727272727
643.75 	0.781818181818182
644.921875 	0.786363636363636
646.09375 	0.790909090909091
647.265625 	0.790909090909091
648.4375 	0.795454545454545
649.609375 	0.795454545454545
650.78125 	0.8
651.953125 	0.8
653.125 	0.804545454545455
654.296875 	0.809090909090909
655.46875 	0.809090909090909
656.640625 	0.813636363636364
657.8125 	0.813636363636364
658.984375 	0.813636363636364
660.15625 	0.813636363636364
661.328125 	0.818181818181818
662.5 	0.818181818181818
663.671875 	0.818181818181818
664.84375 	0.818181818181818
666.015625 	0.822727272727273
667.1875 	0.822727272727273
668.359375 	0.822727272727273
669.53125 	0.822727272727273
670.703125 	0.822727272727273
671.875 	0.822727272727273
673.046875 	0.827272727272727
674.21875 	0.827272727272727
675.390625 	0.827272727272727
676.5625 	0.827272727272727
677.734375 	0.831818181818182
678.90625 	0.831818181818182
680.078125 	0.831818181818182
681.25 	0.836363636363636
682.421875 	0.836363636363636
683.59375 	0.836363636363636
684.765625 	0.836363636363636
685.9375 	0.836363636363636
687.109375 	0.836363636363636
688.28125 	0.836363636363636
689.453125 	0.836363636363636
690.625 	0.836363636363636
691.796875 	0.836363636363636
692.96875 	0.840909090909091
694.140625 	0.840909090909091
695.3125 	0.840909090909091
696.484375 	0.840909090909091
697.65625 	0.840909090909091
698.828125 	0.840909090909091
