#No.33 `pauder reflection data' 

400 	0.0403587443946188
401.171875 	0.0403587443946188
402.34375 	0.0403587443946188
403.515625 	0.0403587443946188
404.6875 	0.0403587443946188
405.859375 	0.0403587443946188
407.03125 	0.0403587443946188
408.203125 	0.0403587443946188
409.375 	0.0403587443946188
410.546875 	0.0403587443946188
411.71875 	0.0403587443946188
412.890625 	0.0403587443946188
414.0625 	0.0403587443946188
415.234375 	0.0403587443946188
416.40625 	0.0403587443946188
417.578125 	0.0403587443946188
418.75 	0.0403587443946188
419.921875 	0.0403587443946188
421.09375 	0.0403587443946188
422.265625 	0.0403587443946188
423.4375 	0.0403587443946188
424.609375 	0.0403587443946188
425.78125 	0.0403587443946188
426.953125 	0.0403587443946188
428.125 	0.0403587443946188
429.296875 	0.0403587443946188
430.46875 	0.0403587443946188
431.640625 	0.0403587443946188
432.8125 	0.0403587443946188
433.984375 	0.0403587443946188
435.15625 	0.0403587443946188
436.328125 	0.0403587443946188
437.5 	0.0403587443946188
438.671875 	0.0403587443946188
439.84375 	0.0403587443946188
441.015625 	0.0403587443946188
442.1875 	0.0403587443946188
443.359375 	0.0403587443946188
444.53125 	0.0403587443946188
445.703125 	0.0403587443946188
446.875 	0.0403587443946188
448.046875 	0.0403587443946188
449.21875 	0.0403587443946188
450.390625 	0.0403587443946188
451.5625 	0.0403587443946188
452.734375 	0.0403587443946188
453.90625 	0.0403587443946188
455.078125 	0.0403587443946188
456.25 	0.0403587443946188
457.421875 	0.0403587443946188
458.59375 	0.0403587443946188
459.765625 	0.0403587443946188
460.9375 	0.0403587443946188
462.109375 	0.0403587443946188
463.28125 	0.0403587443946188
464.453125 	0.0403587443946188
465.625 	0.0403587443946188
466.796875 	0.0403587443946188
467.96875 	0.0403587443946188
469.140625 	0.0403587443946188
470.3125 	0.0403587443946188
471.484375 	0.0403587443946188
472.65625 	0.0403587443946188
473.828125 	0.0403587443946188
475 	0.0403587443946188
476.171875 	0.0403587443946188
477.34375 	0.0403587443946188
478.515625 	0.0403587443946188
479.6875 	0.0403587443946188
480.859375 	0.0403587443946188
482.03125 	0.0403587443946188
483.203125 	0.0403587443946188
484.375 	0.0403587443946188
485.546875 	0.0403587443946188
486.71875 	0.0403587443946188
487.890625 	0.0403587443946188
489.0625 	0.0403587443946188
490.234375 	0.0403587443946188
491.40625 	0.0403587443946188
492.578125 	0.0403587443946188
493.75 	0.0403587443946188
494.921875 	0.0403587443946188
496.09375 	0.0403587443946188
497.265625 	0.0403587443946188
498.4375 	0.0403587443946188
499.609375 	0.0403587443946188
500.78125 	0.0403587443946188
501.953125 	0.0403587443946188
503.125 	0.0403587443946188
504.296875 	0.0403587443946188
505.46875 	0.0403587443946188
506.640625 	0.0403587443946188
507.8125 	0.0403587443946188
508.984375 	0.0403587443946188
510.15625 	0.0403587443946188
511.328125 	0.0403587443946188
512.5 	0.0403587443946188
513.671875 	0.0403587443946188
514.84375 	0.0403587443946188
516.015625 	0.0403587443946188
517.1875 	0.0403587443946188
518.359375 	0.0403587443946188
519.53125 	0.0403587443946188
520.703125 	0.0403587443946188
521.875 	0.0403587443946188
523.046875 	0.0403587443946188
524.21875 	0.0403587443946188
525.390625 	0.0403587443946188
526.5625 	0.0403587443946188
527.734375 	0.0403587443946188
528.90625 	0.0403587443946188
530.078125 	0.0403587443946188
531.25 	0.0403587443946188
532.421875 	0.0403587443946188
533.59375 	0.0403587443946188
534.765625 	0.0403587443946188
535.9375 	0.0403587443946188
537.109375 	0.0403587443946188
538.28125 	0.0403587443946188
539.453125 	0.0403587443946188
540.625 	0.0403587443946188
541.796875 	0.0403587443946188
542.96875 	0.0403587443946188
544.140625 	0.0403587443946188
545.3125 	0.0403587443946188
546.484375 	0.0403587443946188
547.65625 	0.0403587443946188
548.828125 	0.0403587443946188
550 	0.0403587443946188
551.171875 	0.0403587443946188
552.34375 	0.0403587443946188
553.515625 	0.0403587443946188
554.6875 	0.0403587443946188
555.859375 	0.0403587443946188
557.03125 	0.0403587443946188
558.203125 	0.0403587443946188
559.375 	0.0403587443946188
560.546875 	0.0403587443946188
561.71875 	0.0403587443946188
562.890625 	0.0403587443946188
564.0625 	0.0403587443946188
565.234375 	0.0403587443946188
566.40625 	0.0403587443946188
567.578125 	0.0403587443946188
568.75 	0.0403587443946188
569.921875 	0.0403587443946188
571.09375 	0.0403587443946188
572.265625 	0.0403587443946188
573.4375 	0.0403587443946188
574.609375 	0.0403587443946188
575.78125 	0.0403587443946188
576.953125 	0.0403587443946188
578.125 	0.0403587443946188
579.296875 	0.0403587443946188
580.46875 	0.0403587443946188
581.640625 	0.0403587443946188
582.8125 	0.0403587443946188
583.984375 	0.0403587443946188
585.15625 	0.0403587443946188
586.328125 	0.0403587443946188
587.5 	0.0403587443946188
588.671875 	0.0403587443946188
589.84375 	0.0403587443946188
591.015625 	0.0403587443946188
592.1875 	0.0403587443946188
593.359375 	0.0403587443946188
594.53125 	0.0403587443946188
595.703125 	0.0403587443946188
596.875 	0.0403587443946188
598.046875 	0.0403587443946188
599.21875 	0.0403587443946188
600.390625 	0.0403587443946188
601.5625 	0.0403587443946188
602.734375 	0.0403587443946188
603.90625 	0.0403587443946188
605.078125 	0.0403587443946188
606.25 	0.0403587443946188
607.421875 	0.0403587443946188
608.59375 	0.0403587443946188
609.765625 	0.0403587443946188
610.9375 	0.0403587443946188
612.109375 	0.0403587443946188
613.28125 	0.0403587443946188
614.453125 	0.0403587443946188
615.625 	0.0403587443946188
616.796875 	0.0403587443946188
617.96875 	0.0403587443946188
619.140625 	0.0403587443946188
620.3125 	0.0403587443946188
621.484375 	0.0403587443946188
622.65625 	0.0403587443946188
623.828125 	0.0403587443946188
625 	0.0403587443946188
626.171875 	0.0403587443946188
627.34375 	0.0403587443946188
628.515625 	0.0403587443946188
629.6875 	0.0403587443946188
630.859375 	0.0403587443946188
632.03125 	0.0403587443946188
633.203125 	0.0403587443946188
634.375 	0.0403587443946188
635.546875 	0.0403587443946188
636.71875 	0.0403587443946188
637.890625 	0.0403587443946188
639.0625 	0.0403587443946188
640.234375 	0.0403587443946188
641.40625 	0.0403587443946188
642.578125 	0.0403587443946188
643.75 	0.0403587443946188
644.921875 	0.0403587443946188
646.09375 	0.0403587443946188
647.265625 	0.0403587443946188
648.4375 	0.0403587443946188
649.609375 	0.0403587443946188
650.78125 	0.0403587443946188
651.953125 	0.0403587443946188
653.125 	0.0403587443946188
654.296875 	0.0403587443946188
655.46875 	0.0403587443946188
656.640625 	0.0403587443946188
657.8125 	0.0403587443946188
658.984375 	0.0403587443946188
660.15625 	0.0403587443946188
661.328125 	0.0403587443946188
662.5 	0.0403587443946188
663.671875 	0.0403587443946188
664.84375 	0.0403587443946188
666.015625 	0.0403587443946188
667.1875 	0.0403587443946188
668.359375 	0.0403587443946188
669.53125 	0.0403587443946188
670.703125 	0.0403587443946188
671.875 	0.0403587443946188
673.046875 	0.0403587443946188
674.21875 	0.0403587443946188
675.390625 	0.0403587443946188
676.5625 	0.0403587443946188
677.734375 	0.0403587443946188
678.90625 	0.0403587443946188
680.078125 	0.0403587443946188
681.25 	0.0403587443946188
682.421875 	0.0403587443946188
683.59375 	0.0403587443946188
684.765625 	0.0403587443946188
685.9375 	0.0403587443946188
687.109375 	0.0403587443946188
688.28125 	0.0403587443946188
689.453125 	0.0403587443946188
690.625 	0.0403587443946188
691.796875 	0.0403587443946188
692.96875 	0.0403587443946188
694.140625 	0.0403587443946188
695.3125 	0.0403587443946188
696.484375 	0.0403587443946188
697.65625 	0.0403587443946188
698.828125 	0.0403587443946188
