#No.41 `pauder reflection data'

400 	0.668161434977579
401.171875 	0.668161434977579
402.34375 	0.672645739910314
403.515625 	0.672645739910314
404.6875 	0.672645739910314
405.859375 	0.677130044843049
407.03125 	0.677130044843049
408.203125 	0.681614349775785
409.375 	0.681614349775785
410.546875 	0.68609865470852
411.71875 	0.68609865470852
412.890625 	0.68609865470852
414.0625 	0.690582959641256
415.234375 	0.695067264573991
416.40625 	0.695067264573991
417.578125 	0.699551569506726
418.75 	0.699551569506726
419.921875 	0.699551569506726
421.09375 	0.704035874439462
422.265625 	0.704035874439462
423.4375 	0.708520179372197
424.609375 	0.708520179372197
425.78125 	0.708520179372197
426.953125 	0.713004484304933
428.125 	0.713004484304933
429.296875 	0.717488789237668
430.46875 	0.717488789237668
431.640625 	0.721973094170404
432.8125 	0.721973094170404
433.984375 	0.721973094170404
435.15625 	0.721973094170404
436.328125 	0.726457399103139
437.5 	0.726457399103139
438.671875 	0.726457399103139
439.84375 	0.726457399103139
441.015625 	0.726457399103139
442.1875 	0.730941704035874
443.359375 	0.73542600896861
444.53125 	0.739910313901345
445.703125 	0.739910313901345
446.875 	0.739910313901345
448.046875 	0.744394618834081
449.21875 	0.744394618834081
450.390625 	0.744394618834081
451.5625 	0.744394618834081
452.734375 	0.748878923766816
453.90625 	0.748878923766816
455.078125 	0.748878923766816
456.25 	0.753363228699552
457.421875 	0.753363228699552
458.59375 	0.753363228699552
459.765625 	0.753363228699552
460.9375 	0.757847533632287
462.109375 	0.757847533632287
463.28125 	0.757847533632287
464.453125 	0.762331838565022
465.625 	0.762331838565022
466.796875 	0.762331838565022
467.96875 	0.766816143497758
469.140625 	0.766816143497758
470.3125 	0.766816143497758
471.484375 	0.771300448430493
472.65625 	0.771300448430493
473.828125 	0.771300448430493
475 	0.771300448430493
476.171875 	0.775784753363229
477.34375 	0.775784753363229
478.515625 	0.775784753363229
479.6875 	0.780269058295964
480.859375 	0.780269058295964
482.03125 	0.780269058295964
483.203125 	0.780269058295964
484.375 	0.7847533632287
485.546875 	0.7847533632287
486.71875 	0.7847533632287
487.890625 	0.7847533632287
489.0625 	0.7847533632287
490.234375 	0.789237668161435
491.40625 	0.789237668161435
492.578125 	0.789237668161435
493.75 	0.79372197309417
494.921875 	0.79372197309417
496.09375 	0.79372197309417
497.265625 	0.79372197309417
498.4375 	0.79372197309417
499.609375 	0.79372197309417
500.78125 	0.798206278026906
501.953125 	0.798206278026906
503.125 	0.798206278026906
504.296875 	0.798206278026906
505.46875 	0.802690582959641
506.640625 	0.802690582959641
507.8125 	0.802690582959641
508.984375 	0.802690582959641
510.15625 	0.802690582959641
511.328125 	0.802690582959641
512.5 	0.802690582959641
513.671875 	0.807174887892377
514.84375 	0.807174887892377
516.015625 	0.807174887892377
517.1875 	0.807174887892377
518.359375 	0.807174887892377
519.53125 	0.807174887892377
520.703125 	0.807174887892377
521.875 	0.811659192825112
523.046875 	0.811659192825112
524.21875 	0.811659192825112
525.390625 	0.811659192825112
526.5625 	0.811659192825112
527.734375 	0.811659192825112
528.90625 	0.811659192825112
530.078125 	0.816143497757848
531.25 	0.816143497757848
532.421875 	0.816143497757848
533.59375 	0.816143497757848
534.765625 	0.816143497757848
535.9375 	0.816143497757848
537.109375 	0.816143497757848
538.28125 	0.820627802690583
539.453125 	0.820627802690583
540.625 	0.820627802690583
541.796875 	0.820627802690583
542.96875 	0.820627802690583
544.140625 	0.820627802690583
545.3125 	0.820627802690583
546.484375 	0.820627802690583
547.65625 	0.820627802690583
548.828125 	0.825112107623318
550 	0.825112107623318
551.171875 	0.825112107623318
552.34375 	0.825112107623318
553.515625 	0.825112107623318
554.6875 	0.825112107623318
555.859375 	0.825112107623318
557.03125 	0.825112107623318
558.203125 	0.825112107623318
559.375 	0.825112107623318
560.546875 	0.829596412556054
561.71875 	0.829596412556054
562.890625 	0.829596412556054
564.0625 	0.829596412556054
565.234375 	0.829596412556054
566.40625 	0.829596412556054
567.578125 	0.829596412556054
568.75 	0.829596412556054
569.921875 	0.829596412556054
571.09375 	0.829596412556054
572.265625 	0.829596412556054
573.4375 	0.829596412556054
574.609375 	0.834080717488789
575.78125 	0.834080717488789
576.953125 	0.834080717488789
578.125 	0.834080717488789
579.296875 	0.834080717488789
580.46875 	0.834080717488789
581.640625 	0.834080717488789
582.8125 	0.834080717488789
583.984375 	0.834080717488789
585.15625 	0.834080717488789
586.328125 	0.834080717488789
587.5 	0.834080717488789
588.671875 	0.834080717488789
589.84375 	0.834080717488789
591.015625 	0.834080717488789
592.1875 	0.834080717488789
593.359375 	0.834080717488789
594.53125 	0.838565022421525
595.703125 	0.838565022421525
596.875 	0.838565022421525
598.046875 	0.838565022421525
599.21875 	0.838565022421525
600.390625 	0.838565022421525
601.5625 	0.838565022421525
602.734375 	0.838565022421525
603.90625 	0.838565022421525
605.078125 	0.838565022421525
606.25 	0.838565022421525
607.421875 	0.838565022421525
608.59375 	0.838565022421525
609.765625 	0.838565022421525
610.9375 	0.838565022421525
612.109375 	0.838565022421525
613.28125 	0.838565022421525
614.453125 	0.838565022421525
615.625 	0.838565022421525
616.796875 	0.838565022421525
617.96875 	0.838565022421525
619.140625 	0.838565022421525
620.3125 	0.838565022421525
621.484375 	0.838565022421525
622.65625 	0.838565022421525
623.828125 	0.838565022421525
625 	0.838565022421525
626.171875 	0.838565022421525
627.34375 	0.838565022421525
628.515625 	0.838565022421525
629.6875 	0.838565022421525
630.859375 	0.838565022421525
632.03125 	0.838565022421525
633.203125 	0.838565022421525
634.375 	0.838565022421525
635.546875 	0.84304932735426
636.71875 	0.84304932735426
637.890625 	0.84304932735426
639.0625 	0.84304932735426
640.234375 	0.84304932735426
641.40625 	0.84304932735426
642.578125 	0.84304932735426
643.75 	0.84304932735426
644.921875 	0.84304932735426
646.09375 	0.84304932735426
647.265625 	0.84304932735426
648.4375 	0.84304932735426
649.609375 	0.84304932735426
650.78125 	0.84304932735426
651.953125 	0.84304932735426
653.125 	0.84304932735426
654.296875 	0.84304932735426
655.46875 	0.84304932735426
656.640625 	0.84304932735426
657.8125 	0.84304932735426
658.984375 	0.84304932735426
660.15625 	0.84304932735426
661.328125 	0.84304932735426
662.5 	0.84304932735426
663.671875 	0.84304932735426
664.84375 	0.84304932735426
666.015625 	0.84304932735426
667.1875 	0.84304932735426
668.359375 	0.84304932735426
669.53125 	0.84304932735426
670.703125 	0.84304932735426
671.875 	0.84304932735426
673.046875 	0.84304932735426
674.21875 	0.84304932735426
675.390625 	0.84304932735426
676.5625 	0.84304932735426
677.734375 	0.84304932735426
678.90625 	0.84304932735426
680.078125 	0.84304932735426
681.25 	0.84304932735426
682.421875 	0.84304932735426
683.59375 	0.84304932735426
684.765625 	0.84304932735426
685.9375 	0.84304932735426
687.109375 	0.84304932735426
688.28125 	0.84304932735426
689.453125 	0.84304932735426
690.625 	0.84304932735426
691.796875 	0.84304932735426
692.96875 	0.84304932735426
694.140625 	0.84304932735426
695.3125 	0.84304932735426
696.484375 	0.84304932735426
697.65625 	0.84304932735426
698.828125 	0.84304932735426
