#No.46 `pauder reflection data'

400 	0.834080717488789
401.171875 	0.834080717488789
402.34375 	0.834080717488789
403.515625 	0.834080717488789
404.6875 	0.834080717488789
405.859375 	0.834080717488789
407.03125 	0.834080717488789
408.203125 	0.834080717488789
409.375 	0.838565022421525
410.546875 	0.838565022421525
411.71875 	0.838565022421525
412.890625 	0.838565022421525
414.0625 	0.838565022421525
415.234375 	0.838565022421525
416.40625 	0.838565022421525
417.578125 	0.838565022421525
418.75 	0.838565022421525
419.921875 	0.84304932735426
421.09375 	0.84304932735426
422.265625 	0.84304932735426
423.4375 	0.84304932735426
424.609375 	0.84304932735426
425.78125 	0.84304932735426
426.953125 	0.84304932735426
428.125 	0.847533632286996
429.296875 	0.847533632286996
430.46875 	0.847533632286996
431.640625 	0.847533632286996
432.8125 	0.847533632286996
433.984375 	0.847533632286996
435.15625 	0.847533632286996
436.328125 	0.852017937219731
437.5 	0.852017937219731
438.671875 	0.852017937219731
439.84375 	0.852017937219731
441.015625 	0.852017937219731
442.1875 	0.856502242152466
443.359375 	0.856502242152466
444.53125 	0.856502242152466
445.703125 	0.856502242152466
446.875 	0.856502242152466
448.046875 	0.856502242152466
449.21875 	0.860986547085202
450.390625 	0.860986547085202
451.5625 	0.860986547085202
452.734375 	0.860986547085202
453.90625 	0.860986547085202
455.078125 	0.860986547085202
456.25 	0.860986547085202
457.421875 	0.865470852017937
458.59375 	0.865470852017937
459.765625 	0.865470852017937
460.9375 	0.865470852017937
462.109375 	0.865470852017937
463.28125 	0.869955156950673
464.453125 	0.869955156950673
465.625 	0.869955156950673
466.796875 	0.869955156950673
467.96875 	0.869955156950673
469.140625 	0.874439461883408
470.3125 	0.874439461883408
471.484375 	0.874439461883408
472.65625 	0.874439461883408
473.828125 	0.874439461883408
475 	0.874439461883408
476.171875 	0.874439461883408
477.34375 	0.874439461883408
478.515625 	0.878923766816143
479.6875 	0.878923766816143
480.859375 	0.878923766816143
482.03125 	0.878923766816143
483.203125 	0.878923766816143
484.375 	0.878923766816143
485.546875 	0.878923766816143
486.71875 	0.878923766816143
487.890625 	0.883408071748879
489.0625 	0.883408071748879
490.234375 	0.883408071748879
491.40625 	0.883408071748879
492.578125 	0.883408071748879
493.75 	0.883408071748879
494.921875 	0.883408071748879
496.09375 	0.887892376681614
497.265625 	0.887892376681614
498.4375 	0.887892376681614
499.609375 	0.887892376681614
500.78125 	0.887892376681614
501.953125 	0.887892376681614
503.125 	0.887892376681614
504.296875 	0.887892376681614
505.46875 	0.89237668161435
506.640625 	0.89237668161435
507.8125 	0.89237668161435
508.984375 	0.89237668161435
510.15625 	0.89237668161435
511.328125 	0.89237668161435
512.5 	0.89237668161435
513.671875 	0.89237668161435
514.84375 	0.89237668161435
516.015625 	0.89237668161435
517.1875 	0.896860986547085
518.359375 	0.896860986547085
519.53125 	0.896860986547085
520.703125 	0.896860986547085
521.875 	0.896860986547085
523.046875 	0.896860986547085
524.21875 	0.896860986547085
525.390625 	0.896860986547085
526.5625 	0.896860986547085
527.734375 	0.896860986547085
528.90625 	0.896860986547085
530.078125 	0.896860986547085
531.25 	0.896860986547085
532.421875 	0.896860986547085
533.59375 	0.901345291479821
534.765625 	0.901345291479821
535.9375 	0.901345291479821
537.109375 	0.901345291479821
538.28125 	0.901345291479821
539.453125 	0.901345291479821
540.625 	0.901345291479821
541.796875 	0.901345291479821
542.96875 	0.901345291479821
544.140625 	0.901345291479821
545.3125 	0.901345291479821
546.484375 	0.901345291479821
547.65625 	0.901345291479821
548.828125 	0.901345291479821
550 	0.901345291479821
551.171875 	0.905829596412556
552.34375 	0.905829596412556
553.515625 	0.905829596412556
554.6875 	0.905829596412556
555.859375 	0.905829596412556
557.03125 	0.905829596412556
558.203125 	0.905829596412556
559.375 	0.905829596412556
560.546875 	0.905829596412556
561.71875 	0.905829596412556
562.890625 	0.905829596412556
564.0625 	0.905829596412556
565.234375 	0.905829596412556
566.40625 	0.905829596412556
567.578125 	0.905829596412556
568.75 	0.905829596412556
569.921875 	0.905829596412556
571.09375 	0.905829596412556
572.265625 	0.905829596412556
573.4375 	0.905829596412556
574.609375 	0.905829596412556
575.78125 	0.905829596412556
576.953125 	0.905829596412556
578.125 	0.905829596412556
579.296875 	0.910313901345291
580.46875 	0.910313901345291
581.640625 	0.910313901345291
582.8125 	0.910313901345291
583.984375 	0.910313901345291
585.15625 	0.910313901345291
586.328125 	0.910313901345291
587.5 	0.910313901345291
588.671875 	0.910313901345291
589.84375 	0.910313901345291
591.015625 	0.910313901345291
592.1875 	0.910313901345291
593.359375 	0.910313901345291
594.53125 	0.910313901345291
595.703125 	0.910313901345291
596.875 	0.910313901345291
598.046875 	0.910313901345291
599.21875 	0.910313901345291
600.390625 	0.910313901345291
601.5625 	0.910313901345291
602.734375 	0.910313901345291
603.90625 	0.910313901345291
605.078125 	0.910313901345291
606.25 	0.910313901345291
607.421875 	0.910313901345291
608.59375 	0.910313901345291
609.765625 	0.910313901345291
610.9375 	0.910313901345291
612.109375 	0.910313901345291
613.28125 	0.914798206278027
614.453125 	0.914798206278027
615.625 	0.914798206278027
616.796875 	0.914798206278027
617.96875 	0.914798206278027
619.140625 	0.914798206278027
620.3125 	0.914798206278027
621.484375 	0.914798206278027
622.65625 	0.914798206278027
623.828125 	0.914798206278027
625 	0.914798206278027
626.171875 	0.914798206278027
627.34375 	0.914798206278027
628.515625 	0.914798206278027
629.6875 	0.914798206278027
630.859375 	0.914798206278027
632.03125 	0.914798206278027
633.203125 	0.914798206278027
634.375 	0.914798206278027
635.546875 	0.914798206278027
636.71875 	0.914798206278027
637.890625 	0.914798206278027
639.0625 	0.914798206278027
640.234375 	0.914798206278027
641.40625 	0.914798206278027
642.578125 	0.914798206278027
643.75 	0.914798206278027
644.921875 	0.914798206278027
646.09375 	0.914798206278027
647.265625 	0.914798206278027
648.4375 	0.914798206278027
649.609375 	0.914798206278027
650.78125 	0.914798206278027
651.953125 	0.914798206278027
653.125 	0.919282511210762
654.296875 	0.919282511210762
655.46875 	0.919282511210762
656.640625 	0.919282511210762
657.8125 	0.919282511210762
658.984375 	0.919282511210762
660.15625 	0.919282511210762
661.328125 	0.919282511210762
662.5 	0.919282511210762
663.671875 	0.919282511210762
664.84375 	0.919282511210762
666.015625 	0.919282511210762
667.1875 	0.919282511210762
668.359375 	0.919282511210762
669.53125 	0.919282511210762
670.703125 	0.919282511210762
671.875 	0.919282511210762
673.046875 	0.919282511210762
674.21875 	0.919282511210762
675.390625 	0.919282511210762
676.5625 	0.919282511210762
677.734375 	0.919282511210762
678.90625 	0.919282511210762
680.078125 	0.919282511210762
681.25 	0.919282511210762
682.421875 	0.919282511210762
683.59375 	0.919282511210762
684.765625 	0.919282511210762
685.9375 	0.919282511210762
687.109375 	0.919282511210762
688.28125 	0.919282511210762
689.453125 	0.919282511210762
690.625 	0.919282511210762
691.796875 	0.919282511210762
692.96875 	0.919282511210762
694.140625 	0.919282511210762
695.3125 	0.919282511210762
696.484375 	0.919282511210762
697.65625 	0.923766816143498
698.828125 	0.923766816143498
