#No.51 `pauder reflection data'

400 	0.509090909090909
401.171875 	0.509090909090909
402.34375 	0.509090909090909
403.515625 	0.509090909090909
404.6875 	0.509090909090909
405.859375 	0.509090909090909
407.03125 	0.509090909090909
408.203125 	0.509090909090909
409.375 	0.513636363636364
410.546875 	0.513636363636364
411.71875 	0.513636363636364
412.890625 	0.513636363636364
414.0625 	0.518181818181818
415.234375 	0.518181818181818
416.40625 	0.522727272727273
417.578125 	0.522727272727273
418.75 	0.527272727272727
419.921875 	0.527272727272727
421.09375 	0.531818181818182
422.265625 	0.536363636363636
423.4375 	0.536363636363636
424.609375 	0.540909090909091
425.78125 	0.545454545454545
426.953125 	0.55
428.125 	0.554545454545455
429.296875 	0.559090909090909
430.46875 	0.563636363636364
431.640625 	0.563636363636364
432.8125 	0.568181818181818
433.984375 	0.572727272727273
435.15625 	0.572727272727273
436.328125 	0.577272727272727
437.5 	0.577272727272727
438.671875 	0.577272727272727
439.84375 	0.581818181818182
441.015625 	0.581818181818182
442.1875 	0.581818181818182
443.359375 	0.586363636363636
444.53125 	0.586363636363636
445.703125 	0.586363636363636
446.875 	0.590909090909091
448.046875 	0.590909090909091
449.21875 	0.590909090909091
450.390625 	0.590909090909091
451.5625 	0.590909090909091
452.734375 	0.590909090909091
453.90625 	0.590909090909091
455.078125 	0.586363636363636
456.25 	0.581818181818182
457.421875 	0.577272727272727
458.59375 	0.572727272727273
459.765625 	0.568181818181818
460.9375 	0.563636363636364
462.109375 	0.559090909090909
463.28125 	0.554545454545455
464.453125 	0.545454545454545
465.625 	0.536363636363636
466.796875 	0.527272727272727
467.96875 	0.522727272727273
469.140625 	0.513636363636364
470.3125 	0.504545454545455
471.484375 	0.495454545454545
472.65625 	0.486363636363636
473.828125 	0.472727272727273
475 	0.463636363636364
476.171875 	0.454545454545455
477.34375 	0.440909090909091
478.515625 	0.431818181818182
479.6875 	0.422727272727273
480.859375 	0.409090909090909
482.03125 	0.395454545454545
483.203125 	0.386363636363636
484.375 	0.372727272727273
485.546875 	0.359090909090909
486.71875 	0.345454545454545
487.890625 	0.336363636363636
489.0625 	0.327272727272727
490.234375 	0.313636363636364
491.40625 	0.290909090909091
492.578125 	0.281818181818182
493.75 	0.272727272727273
494.921875 	0.263636363636364
496.09375 	0.254545454545455
497.265625 	0.245454545454545
498.4375 	0.236363636363636
499.609375 	0.222727272727273
500.78125 	0.213636363636364
501.953125 	0.209090909090909
503.125 	0.2
504.296875 	0.190909090909091
505.46875 	0.186363636363636
506.640625 	0.177272727272727
507.8125 	0.172727272727273
508.984375 	0.168181818181818
510.15625 	0.159090909090909
511.328125 	0.154545454545455
512.5 	0.15
513.671875 	0.140909090909091
514.84375 	0.136363636363636
516.015625 	0.131818181818182
517.1875 	0.127272727272727
518.359375 	0.122727272727273
519.53125 	0.118181818181818
520.703125 	0.113636363636364
521.875 	0.109090909090909
523.046875 	0.109090909090909
524.21875 	0.104545454545455
525.390625 	0.1
526.5625 	0.1
527.734375 	0.0954545454545455
528.90625 	0.0954545454545455
530.078125 	0.0909090909090909
531.25 	0.0909090909090909
532.421875 	0.0863636363636364
533.59375 	0.0863636363636364
534.765625 	0.0818181818181818
535.9375 	0.0818181818181818
537.109375 	0.0772727272727273
538.28125 	0.0727272727272727
539.453125 	0.0727272727272727
540.625 	0.0681818181818182
541.796875 	0.0681818181818182
542.96875 	0.0681818181818182
544.140625 	0.0636363636363636
545.3125 	0.0636363636363636
546.484375 	0.0636363636363636
547.65625 	0.0590909090909091
548.828125 	0.0590909090909091
550 	0.0590909090909091
551.171875 	0.0590909090909091
552.34375 	0.0545454545454545
553.515625 	0.0545454545454545
554.6875 	0.0545454545454545
555.859375 	0.0545454545454545
557.03125 	0.0545454545454545
558.203125 	0.05
559.375 	0.05
560.546875 	0.05
561.71875 	0.05
562.890625 	0.05
564.0625 	0.05
565.234375 	0.0454545454545455
566.40625 	0.0454545454545455
567.578125 	0.0454545454545455
568.75 	0.0454545454545455
569.921875 	0.0454545454545455
571.09375 	0.0454545454545455
572.265625 	0.0454545454545455
573.4375 	0.0454545454545455
574.609375 	0.0454545454545455
575.78125 	0.0454545454545455
576.953125 	0.0454545454545455
578.125 	0.0454545454545455
579.296875 	0.0454545454545455
580.46875 	0.0409090909090909
581.640625 	0.0409090909090909
582.8125 	0.0409090909090909
583.984375 	0.0409090909090909
585.15625 	0.0409090909090909
586.328125 	0.0409090909090909
587.5 	0.0409090909090909
588.671875 	0.0409090909090909
589.84375 	0.0409090909090909
591.015625 	0.0409090909090909
592.1875 	0.0409090909090909
593.359375 	0.0409090909090909
594.53125 	0.0409090909090909
595.703125 	0.0409090909090909
596.875 	0.0409090909090909
598.046875 	0.0409090909090909
599.21875 	0.0409090909090909
600.390625 	0.0409090909090909
601.5625 	0.0409090909090909
602.734375 	0.0409090909090909
603.90625 	0.0409090909090909
605.078125 	0.0409090909090909
606.25 	0.0409090909090909
607.421875 	0.0409090909090909
608.59375 	0.0409090909090909
609.765625 	0.0454545454545455
610.9375 	0.0454545454545455
612.109375 	0.0454545454545455
613.28125 	0.0454545454545455
614.453125 	0.0454545454545455
615.625 	0.0454545454545455
616.796875 	0.0454545454545455
617.96875 	0.0454545454545455
619.140625 	0.0454545454545455
620.3125 	0.0454545454545455
621.484375 	0.0454545454545455
622.65625 	0.0454545454545455
623.828125 	0.0454545454545455
625 	0.0454545454545455
626.171875 	0.0454545454545455
627.34375 	0.0454545454545455
628.515625 	0.0454545454545455
629.6875 	0.0454545454545455
630.859375 	0.0454545454545455
632.03125 	0.05
633.203125 	0.05
634.375 	0.05
635.546875 	0.05
636.71875 	0.05
637.890625 	0.05
639.0625 	0.05
640.234375 	0.05
641.40625 	0.05
642.578125 	0.05
643.75 	0.05
644.921875 	0.05
646.09375 	0.0545454545454545
647.265625 	0.0545454545454545
648.4375 	0.0545454545454545
649.609375 	0.0545454545454545
650.78125 	0.0545454545454545
651.953125 	0.0545454545454545
653.125 	0.0545454545454545
654.296875 	0.0590909090909091
655.46875 	0.0590909090909091
656.640625 	0.0590909090909091
657.8125 	0.0590909090909091
658.984375 	0.0590909090909091
660.15625 	0.0636363636363636
661.328125 	0.0636363636363636
662.5 	0.0636363636363636
663.671875 	0.0636363636363636
664.84375 	0.0681818181818182
666.015625 	0.0681818181818182
667.1875 	0.0681818181818182
668.359375 	0.0727272727272727
669.53125 	0.0727272727272727
670.703125 	0.0772727272727273
671.875 	0.0772727272727273
673.046875 	0.0818181818181818
674.21875 	0.0818181818181818
675.390625 	0.0863636363636364
676.5625 	0.0863636363636364
677.734375 	0.0909090909090909
678.90625 	0.0909090909090909
680.078125 	0.0954545454545455
681.25 	0.1
682.421875 	0.1
683.59375 	0.104545454545455
684.765625 	0.109090909090909
685.9375 	0.113636363636364
687.109375 	0.113636363636364
688.28125 	0.118181818181818
689.453125 	0.122727272727273
690.625 	0.127272727272727
691.796875 	0.131818181818182
692.96875 	0.136363636363636
694.140625 	0.140909090909091
695.3125 	0.145454545454545
696.484375 	0.15
697.65625 	0.154545454545455
698.828125 	0.154545454545455
