#No.58 `pauder reflection data'

400 	0.522727272727273
401.171875 	0.522727272727273
402.34375 	0.522727272727273
403.515625 	0.527272727272727
404.6875 	0.527272727272727
405.859375 	0.527272727272727
407.03125 	0.527272727272727
408.203125 	0.531818181818182
409.375 	0.531818181818182
410.546875 	0.536363636363636
411.71875 	0.536363636363636
412.890625 	0.540909090909091
414.0625 	0.545454545454545
415.234375 	0.55
416.40625 	0.55
417.578125 	0.554545454545455
418.75 	0.559090909090909
419.921875 	0.559090909090909
421.09375 	0.563636363636364
422.265625 	0.568181818181818
423.4375 	0.572727272727273
424.609375 	0.572727272727273
425.78125 	0.572727272727273
426.953125 	0.577272727272727
428.125 	0.577272727272727
429.296875 	0.577272727272727
430.46875 	0.581818181818182
431.640625 	0.581818181818182
432.8125 	0.581818181818182
433.984375 	0.581818181818182
435.15625 	0.581818181818182
436.328125 	0.586363636363636
437.5 	0.586363636363636
438.671875 	0.586363636363636
439.84375 	0.586363636363636
441.015625 	0.586363636363636
442.1875 	0.586363636363636
443.359375 	0.586363636363636
444.53125 	0.586363636363636
445.703125 	0.590909090909091
446.875 	0.590909090909091
448.046875 	0.590909090909091
449.21875 	0.590909090909091
450.390625 	0.590909090909091
451.5625 	0.590909090909091
452.734375 	0.590909090909091
453.90625 	0.590909090909091
455.078125 	0.590909090909091
456.25 	0.590909090909091
457.421875 	0.590909090909091
458.59375 	0.590909090909091
459.765625 	0.590909090909091
460.9375 	0.586363636363636
462.109375 	0.586363636363636
463.28125 	0.586363636363636
464.453125 	0.581818181818182
465.625 	0.581818181818182
466.796875 	0.577272727272727
467.96875 	0.577272727272727
469.140625 	0.572727272727273
470.3125 	0.568181818181818
471.484375 	0.568181818181818
472.65625 	0.563636363636364
473.828125 	0.559090909090909
475 	0.559090909090909
476.171875 	0.559090909090909
477.34375 	0.554545454545455
478.515625 	0.554545454545455
479.6875 	0.554545454545455
480.859375 	0.55
482.03125 	0.55
483.203125 	0.55
484.375 	0.55
485.546875 	0.545454545454545
486.71875 	0.545454545454545
487.890625 	0.545454545454545
489.0625 	0.540909090909091
490.234375 	0.536363636363636
491.40625 	0.536363636363636
492.578125 	0.531818181818182
493.75 	0.527272727272727
494.921875 	0.518181818181818
496.09375 	0.509090909090909
497.265625 	0.5
498.4375 	0.486363636363636
499.609375 	0.477272727272727
500.78125 	0.468181818181818
501.953125 	0.459090909090909
503.125 	0.45
504.296875 	0.436363636363636
505.46875 	0.427272727272727
506.640625 	0.413636363636364
507.8125 	0.4
508.984375 	0.390909090909091
510.15625 	0.377272727272727
511.328125 	0.363636363636364
512.5 	0.354545454545455
513.671875 	0.340909090909091
514.84375 	0.331818181818182
516.015625 	0.318181818181818
517.1875 	0.309090909090909
518.359375 	0.3
519.53125 	0.290909090909091
520.703125 	0.281818181818182
521.875 	0.272727272727273
523.046875 	0.263636363636364
524.21875 	0.254545454545455
525.390625 	0.245454545454545
526.5625 	0.240909090909091
527.734375 	0.231818181818182
528.90625 	0.227272727272727
530.078125 	0.218181818181818
531.25 	0.209090909090909
532.421875 	0.204545454545455
533.59375 	0.2
534.765625 	0.190909090909091
535.9375 	0.186363636363636
537.109375 	0.181818181818182
538.28125 	0.177272727272727
539.453125 	0.172727272727273
540.625 	0.168181818181818
541.796875 	0.168181818181818
542.96875 	0.163636363636364
544.140625 	0.163636363636364
545.3125 	0.163636363636364
546.484375 	0.159090909090909
547.65625 	0.159090909090909
548.828125 	0.159090909090909
550 	0.154545454545455
551.171875 	0.154545454545455
552.34375 	0.154545454545455
553.515625 	0.15
554.6875 	0.15
555.859375 	0.145454545454545
557.03125 	0.145454545454545
558.203125 	0.145454545454545
559.375 	0.140909090909091
560.546875 	0.140909090909091
561.71875 	0.136363636363636
562.890625 	0.136363636363636
564.0625 	0.131818181818182
565.234375 	0.131818181818182
566.40625 	0.127272727272727
567.578125 	0.127272727272727
568.75 	0.122727272727273
569.921875 	0.118181818181818
571.09375 	0.118181818181818
572.265625 	0.113636363636364
573.4375 	0.113636363636364
574.609375 	0.113636363636364
575.78125 	0.109090909090909
576.953125 	0.109090909090909
578.125 	0.104545454545455
579.296875 	0.104545454545455
580.46875 	0.104545454545455
581.640625 	0.104545454545455
582.8125 	0.1
583.984375 	0.1
585.15625 	0.1
586.328125 	0.1
587.5 	0.1
588.671875 	0.1
589.84375 	0.1
591.015625 	0.1
592.1875 	0.1
593.359375 	0.1
594.53125 	0.1
595.703125 	0.1
596.875 	0.104545454545455
598.046875 	0.104545454545455
599.21875 	0.104545454545455
600.390625 	0.104545454545455
601.5625 	0.109090909090909
602.734375 	0.109090909090909
603.90625 	0.109090909090909
605.078125 	0.109090909090909
606.25 	0.109090909090909
607.421875 	0.109090909090909
608.59375 	0.109090909090909
609.765625 	0.109090909090909
610.9375 	0.109090909090909
612.109375 	0.113636363636364
613.28125 	0.113636363636364
614.453125 	0.113636363636364
615.625 	0.113636363636364
616.796875 	0.113636363636364
617.96875 	0.113636363636364
619.140625 	0.113636363636364
620.3125 	0.113636363636364
621.484375 	0.113636363636364
622.65625 	0.113636363636364
623.828125 	0.113636363636364
625 	0.113636363636364
626.171875 	0.113636363636364
627.34375 	0.113636363636364
628.515625 	0.113636363636364
629.6875 	0.113636363636364
630.859375 	0.113636363636364
632.03125 	0.113636363636364
633.203125 	0.113636363636364
634.375 	0.113636363636364
635.546875 	0.118181818181818
636.71875 	0.118181818181818
637.890625 	0.118181818181818
639.0625 	0.118181818181818
640.234375 	0.122727272727273
641.40625 	0.122727272727273
642.578125 	0.122727272727273
643.75 	0.127272727272727
644.921875 	0.131818181818182
646.09375 	0.136363636363636
647.265625 	0.140909090909091
648.4375 	0.145454545454545
649.609375 	0.15
650.78125 	0.159090909090909
651.953125 	0.163636363636364
653.125 	0.172727272727273
654.296875 	0.181818181818182
655.46875 	0.186363636363636
656.640625 	0.195454545454545
657.8125 	0.2
658.984375 	0.209090909090909
660.15625 	0.218181818181818
661.328125 	0.227272727272727
662.5 	0.236363636363636
663.671875 	0.240909090909091
664.84375 	0.25
666.015625 	0.259090909090909
667.1875 	0.268181818181818
668.359375 	0.272727272727273
669.53125 	0.281818181818182
670.703125 	0.295454545454545
671.875 	0.309090909090909
673.046875 	0.318181818181818
674.21875 	0.331818181818182
675.390625 	0.340909090909091
676.5625 	0.35
677.734375 	0.359090909090909
678.90625 	0.368181818181818
680.078125 	0.372727272727273
681.25 	0.381818181818182
682.421875 	0.390909090909091
683.59375 	0.4
684.765625 	0.404545454545455
685.9375 	0.413636363636364
687.109375 	0.418181818181818
688.28125 	0.427272727272727
689.453125 	0.431818181818182
690.625 	0.440909090909091
691.796875 	0.445454545454545
692.96875 	0.454545454545455
694.140625 	0.459090909090909
695.3125 	0.463636363636364
696.484375 	0.468181818181818
697.65625 	0.472727272727273
698.828125 	0.477272727272727
