#No.64 `pauder reflection data'

400 	0.706422018348624
401.171875 	0.706422018348624
402.34375 	0.711009174311927
403.515625 	0.711009174311927
404.6875 	0.711009174311927
405.859375 	0.711009174311927
407.03125 	0.711009174311927
408.203125 	0.711009174311927
409.375 	0.711009174311927
410.546875 	0.711009174311927
411.71875 	0.711009174311927
412.890625 	0.715596330275229
414.0625 	0.715596330275229
415.234375 	0.715596330275229
416.40625 	0.715596330275229
417.578125 	0.720183486238532
418.75 	0.720183486238532
419.921875 	0.720183486238532
421.09375 	0.724770642201835
422.265625 	0.724770642201835
423.4375 	0.724770642201835
424.609375 	0.729357798165138
425.78125 	0.729357798165138
426.953125 	0.729357798165138
428.125 	0.729357798165138
429.296875 	0.73394495412844
430.46875 	0.73394495412844
431.640625 	0.73394495412844
432.8125 	0.73394495412844
433.984375 	0.73394495412844
435.15625 	0.73394495412844
436.328125 	0.73394495412844
437.5 	0.73394495412844
438.671875 	0.73394495412844
439.84375 	0.729357798165138
441.015625 	0.729357798165138
442.1875 	0.724770642201835
443.359375 	0.724770642201835
444.53125 	0.720183486238532
445.703125 	0.715596330275229
446.875 	0.711009174311927
448.046875 	0.701834862385321
449.21875 	0.697247706422018
450.390625 	0.688073394495413
451.5625 	0.678899082568807
452.734375 	0.669724770642202
453.90625 	0.665137614678899
455.078125 	0.655963302752294
456.25 	0.642201834862385
457.421875 	0.628440366972477
458.59375 	0.619266055045872
459.765625 	0.605504587155963
460.9375 	0.591743119266055
462.109375 	0.582568807339449
463.28125 	0.568807339449541
464.453125 	0.555045871559633
465.625 	0.541284403669725
466.796875 	0.532110091743119
467.96875 	0.518348623853211
469.140625 	0.504587155963303
470.3125 	0.490825688073394
471.484375 	0.481651376146789
472.65625 	0.467889908256881
473.828125 	0.454128440366972
475 	0.440366972477064
476.171875 	0.431192660550459
477.34375 	0.41743119266055
478.515625 	0.403669724770642
479.6875 	0.389908256880734
480.859375 	0.380733944954128
482.03125 	0.371559633027523
483.203125 	0.362385321100917
484.375 	0.357798165137615
485.546875 	0.348623853211009
486.71875 	0.344036697247706
487.890625 	0.339449541284404
489.0625 	0.334862385321101
490.234375 	0.330275229357798
491.40625 	0.330275229357798
492.578125 	0.325688073394495
493.75 	0.325688073394495
494.921875 	0.325688073394495
496.09375 	0.321100917431193
497.265625 	0.321100917431193
498.4375 	0.31651376146789
499.609375 	0.31651376146789
500.78125 	0.31651376146789
501.953125 	0.311926605504587
503.125 	0.311926605504587
504.296875 	0.307339449541284
505.46875 	0.307339449541284
506.640625 	0.302752293577982
507.8125 	0.302752293577982
508.984375 	0.298165137614679
510.15625 	0.298165137614679
511.328125 	0.293577981651376
512.5 	0.293577981651376
513.671875 	0.288990825688073
514.84375 	0.288990825688073
516.015625 	0.284403669724771
517.1875 	0.279816513761468
518.359375 	0.279816513761468
519.53125 	0.275229357798165
520.703125 	0.275229357798165
521.875 	0.270642201834862
523.046875 	0.270642201834862
524.21875 	0.26605504587156
525.390625 	0.26605504587156
526.5625 	0.261467889908257
527.734375 	0.261467889908257
528.90625 	0.256880733944954
530.078125 	0.256880733944954
531.25 	0.252293577981651
532.421875 	0.252293577981651
533.59375 	0.252293577981651
534.765625 	0.247706422018349
535.9375 	0.247706422018349
537.109375 	0.247706422018349
538.28125 	0.243119266055046
539.453125 	0.243119266055046
540.625 	0.243119266055046
541.796875 	0.238532110091743
542.96875 	0.238532110091743
544.140625 	0.238532110091743
545.3125 	0.23394495412844
546.484375 	0.23394495412844
547.65625 	0.23394495412844
548.828125 	0.23394495412844
550 	0.23394495412844
551.171875 	0.229357798165138
552.34375 	0.229357798165138
553.515625 	0.229357798165138
554.6875 	0.229357798165138
555.859375 	0.229357798165138
557.03125 	0.229357798165138
558.203125 	0.229357798165138
559.375 	0.229357798165138
560.546875 	0.229357798165138
561.71875 	0.229357798165138
562.890625 	0.229357798165138
564.0625 	0.229357798165138
565.234375 	0.23394495412844
566.40625 	0.23394495412844
567.578125 	0.23394495412844
568.75 	0.23394495412844
569.921875 	0.238532110091743
571.09375 	0.238532110091743
572.265625 	0.243119266055046
573.4375 	0.243119266055046
574.609375 	0.247706422018349
575.78125 	0.247706422018349
576.953125 	0.252293577981651
578.125 	0.252293577981651
579.296875 	0.256880733944954
580.46875 	0.261467889908257
581.640625 	0.26605504587156
582.8125 	0.270642201834862
583.984375 	0.275229357798165
585.15625 	0.279816513761468
586.328125 	0.284403669724771
587.5 	0.288990825688073
588.671875 	0.298165137614679
589.84375 	0.302752293577982
591.015625 	0.307339449541284
592.1875 	0.31651376146789
593.359375 	0.325688073394495
594.53125 	0.334862385321101
595.703125 	0.344036697247706
596.875 	0.357798165137615
598.046875 	0.36697247706422
599.21875 	0.376146788990826
600.390625 	0.385321100917431
601.5625 	0.399082568807339
602.734375 	0.408256880733945
603.90625 	0.412844036697248
605.078125 	0.422018348623853
606.25 	0.426605504587156
607.421875 	0.435779816513761
608.59375 	0.444954128440367
609.765625 	0.454128440366972
610.9375 	0.458715596330275
612.109375 	0.467889908256881
613.28125 	0.472477064220183
614.453125 	0.481651376146789
615.625 	0.486238532110092
616.796875 	0.495412844036697
617.96875 	0.5
619.140625 	0.509174311926605
620.3125 	0.513761467889908
621.484375 	0.522935779816514
622.65625 	0.527522935779816
623.828125 	0.536697247706422
625 	0.541284403669725
626.171875 	0.545871559633027
627.34375 	0.55045871559633
628.515625 	0.555045871559633
629.6875 	0.559633027522936
630.859375 	0.568807339449541
632.03125 	0.573394495412844
633.203125 	0.573394495412844
634.375 	0.577981651376147
635.546875 	0.582568807339449
636.71875 	0.587155963302752
637.890625 	0.591743119266055
639.0625 	0.596330275229358
640.234375 	0.596330275229358
641.40625 	0.600917431192661
642.578125 	0.600917431192661
643.75 	0.605504587155963
644.921875 	0.610091743119266
646.09375 	0.610091743119266
647.265625 	0.614678899082569
648.4375 	0.614678899082569
649.609375 	0.614678899082569
650.78125 	0.619266055045872
651.953125 	0.619266055045872
653.125 	0.619266055045872
654.296875 	0.619266055045872
655.46875 	0.619266055045872
656.640625 	0.623853211009174
657.8125 	0.623853211009174
658.984375 	0.623853211009174
660.15625 	0.623853211009174
661.328125 	0.623853211009174
662.5 	0.623853211009174
663.671875 	0.623853211009174
664.84375 	0.623853211009174
666.015625 	0.623853211009174
667.1875 	0.623853211009174
668.359375 	0.623853211009174
669.53125 	0.619266055045872
670.703125 	0.619266055045872
671.875 	0.619266055045872
673.046875 	0.619266055045872
674.21875 	0.619266055045872
675.390625 	0.619266055045872
676.5625 	0.619266055045872
677.734375 	0.619266055045872
678.90625 	0.614678899082569
680.078125 	0.614678899082569
681.25 	0.614678899082569
682.421875 	0.614678899082569
683.59375 	0.614678899082569
684.765625 	0.614678899082569
685.9375 	0.614678899082569
687.109375 	0.614678899082569
688.28125 	0.610091743119266
689.453125 	0.610091743119266
690.625 	0.610091743119266
691.796875 	0.610091743119266
692.96875 	0.610091743119266
694.140625 	0.610091743119266
695.3125 	0.610091743119266
696.484375 	0.610091743119266
697.65625 	0.605504587155963
698.828125 	0.605504587155963
