#No.6 `pauder reflection data'

400 	0.0363636363636364
401.171875 	0.0363636363636364
402.34375 	0.0363636363636364
403.515625 	0.0363636363636364
404.6875 	0.0363636363636364
405.859375 	0.0363636363636364
407.03125 	0.0363636363636364
408.203125 	0.0363636363636364
409.375 	0.0363636363636364
410.546875 	0.0363636363636364
411.71875 	0.0363636363636364
412.890625 	0.0363636363636364
414.0625 	0.0363636363636364
415.234375 	0.0363636363636364
416.40625 	0.0363636363636364
417.578125 	0.0363636363636364
418.75 	0.0363636363636364
419.921875 	0.0363636363636364
421.09375 	0.0363636363636364
422.265625 	0.0363636363636364
423.4375 	0.0363636363636364
424.609375 	0.0363636363636364
425.78125 	0.0363636363636364
426.953125 	0.0363636363636364
428.125 	0.0363636363636364
429.296875 	0.0363636363636364
430.46875 	0.0363636363636364
431.640625 	0.0363636363636364
432.8125 	0.0363636363636364
433.984375 	0.0409090909090909
435.15625 	0.0409090909090909
436.328125 	0.0409090909090909
437.5 	0.0409090909090909
438.671875 	0.0409090909090909
439.84375 	0.0409090909090909
441.015625 	0.0409090909090909
442.1875 	0.0409090909090909
443.359375 	0.0409090909090909
444.53125 	0.0409090909090909
445.703125 	0.0409090909090909
446.875 	0.0409090909090909
448.046875 	0.0409090909090909
449.21875 	0.0409090909090909
450.390625 	0.0409090909090909
451.5625 	0.0409090909090909
452.734375 	0.0409090909090909
453.90625 	0.0409090909090909
455.078125 	0.0409090909090909
456.25 	0.0409090909090909
457.421875 	0.0409090909090909
458.59375 	0.0409090909090909
459.765625 	0.0409090909090909
460.9375 	0.0409090909090909
462.109375 	0.0409090909090909
463.28125 	0.0409090909090909
464.453125 	0.0409090909090909
465.625 	0.0409090909090909
466.796875 	0.0409090909090909
467.96875 	0.0409090909090909
469.140625 	0.0409090909090909
470.3125 	0.0409090909090909
471.484375 	0.0409090909090909
472.65625 	0.0409090909090909
473.828125 	0.0409090909090909
475 	0.0409090909090909
476.171875 	0.0409090909090909
477.34375 	0.0409090909090909
478.515625 	0.0409090909090909
479.6875 	0.0409090909090909
480.859375 	0.0409090909090909
482.03125 	0.0409090909090909
483.203125 	0.0409090909090909
484.375 	0.0409090909090909
485.546875 	0.0409090909090909
486.71875 	0.0409090909090909
487.890625 	0.0409090909090909
489.0625 	0.0454545454545455
490.234375 	0.0454545454545455
491.40625 	0.0454545454545455
492.578125 	0.0454545454545455
493.75 	0.0454545454545455
494.921875 	0.0454545454545455
496.09375 	0.0454545454545455
497.265625 	0.0454545454545455
498.4375 	0.0454545454545455
499.609375 	0.0454545454545455
500.78125 	0.0454545454545455
501.953125 	0.0454545454545455
503.125 	0.0454545454545455
504.296875 	0.0454545454545455
505.46875 	0.0454545454545455
506.640625 	0.0454545454545455
507.8125 	0.0454545454545455
508.984375 	0.0454545454545455
510.15625 	0.0454545454545455
511.328125 	0.0454545454545455
512.5 	0.0454545454545455
513.671875 	0.0454545454545455
514.84375 	0.05
516.015625 	0.05
517.1875 	0.05
518.359375 	0.05
519.53125 	0.05
520.703125 	0.05
521.875 	0.05
523.046875 	0.05
524.21875 	0.05
525.390625 	0.05
526.5625 	0.05
527.734375 	0.05
528.90625 	0.05
530.078125 	0.05
531.25 	0.05
532.421875 	0.05
533.59375 	0.05
534.765625 	0.05
535.9375 	0.05
537.109375 	0.05
538.28125 	0.05
539.453125 	0.05
540.625 	0.05
541.796875 	0.05
542.96875 	0.05
544.140625 	0.05
545.3125 	0.05
546.484375 	0.05
547.65625 	0.05
548.828125 	0.05
550 	0.05
551.171875 	0.05
552.34375 	0.0545454545454545
553.515625 	0.0545454545454545
554.6875 	0.0545454545454545
555.859375 	0.0545454545454545
557.03125 	0.0545454545454545
558.203125 	0.0545454545454545
559.375 	0.0545454545454545
560.546875 	0.0545454545454545
561.71875 	0.0545454545454545
562.890625 	0.0545454545454545
564.0625 	0.0545454545454545
565.234375 	0.0545454545454545
566.40625 	0.0545454545454545
567.578125 	0.0545454545454545
568.75 	0.0545454545454545
569.921875 	0.0545454545454545
571.09375 	0.0545454545454545
572.265625 	0.0590909090909091
573.4375 	0.0590909090909091
574.609375 	0.0590909090909091
575.78125 	0.0590909090909091
576.953125 	0.0590909090909091
578.125 	0.0636363636363636
579.296875 	0.0636363636363636
580.46875 	0.0636363636363636
581.640625 	0.0681818181818182
582.8125 	0.0681818181818182
583.984375 	0.0681818181818182
585.15625 	0.0727272727272727
586.328125 	0.0727272727272727
587.5 	0.0772727272727273
588.671875 	0.0818181818181818
589.84375 	0.0863636363636364
591.015625 	0.0909090909090909
592.1875 	0.0954545454545455
593.359375 	0.1
594.53125 	0.104545454545455
595.703125 	0.113636363636364
596.875 	0.122727272727273
598.046875 	0.131818181818182
599.21875 	0.140909090909091
600.390625 	0.15
601.5625 	0.154545454545455
602.734375 	0.168181818181818
603.90625 	0.177272727272727
605.078125 	0.195454545454545
606.25 	0.204545454545455
607.421875 	0.227272727272727
608.59375 	0.236363636363636
609.765625 	0.259090909090909
610.9375 	0.268181818181818
612.109375 	0.295454545454545
613.28125 	0.309090909090909
614.453125 	0.327272727272727
615.625 	0.345454545454545
616.796875 	0.368181818181818
617.96875 	0.381818181818182
619.140625 	0.4
620.3125 	0.409090909090909
621.484375 	0.431818181818182
622.65625 	0.445454545454545
623.828125 	0.468181818181818
625 	0.477272727272727
626.171875 	0.5
627.34375 	0.513636363636364
628.515625 	0.531818181818182
629.6875 	0.545454545454545
630.859375 	0.563636363636364
632.03125 	0.577272727272727
633.203125 	0.595454545454545
634.375 	0.609090909090909
635.546875 	0.618181818181818
636.71875 	0.636363636363636
637.890625 	0.65
639.0625 	0.659090909090909
640.234375 	0.672727272727273
641.40625 	0.681818181818182
642.578125 	0.695454545454545
643.75 	0.704545454545455
644.921875 	0.713636363636364
646.09375 	0.722727272727273
647.265625 	0.736363636363636
648.4375 	0.745454545454545
649.609375 	0.75
650.78125 	0.759090909090909
651.953125 	0.763636363636364
653.125 	0.768181818181818
654.296875 	0.777272727272727
655.46875 	0.781818181818182
656.640625 	0.786363636363636
657.8125 	0.790909090909091
658.984375 	0.795454545454545
660.15625 	0.8
661.328125 	0.8
662.5 	0.804545454545455
663.671875 	0.809090909090909
664.84375 	0.809090909090909
666.015625 	0.813636363636364
667.1875 	0.813636363636364
668.359375 	0.818181818181818
669.53125 	0.822727272727273
670.703125 	0.822727272727273
671.875 	0.827272727272727
673.046875 	0.827272727272727
674.21875 	0.827272727272727
675.390625 	0.827272727272727
676.5625 	0.831818181818182
677.734375 	0.831818181818182
678.90625 	0.831818181818182
680.078125 	0.831818181818182
681.25 	0.836363636363636
682.421875 	0.836363636363636
683.59375 	0.836363636363636
684.765625 	0.840909090909091
685.9375 	0.840909090909091
687.109375 	0.840909090909091
688.28125 	0.840909090909091
689.453125 	0.840909090909091
690.625 	0.845454545454545
691.796875 	0.845454545454545
692.96875 	0.845454545454545
694.140625 	0.845454545454545
695.3125 	0.845454545454545
696.484375 	0.85
697.65625 	0.85
698.828125 	0.85
