#No.72 `pauder reflection data'

400 	0.0963302752293578
401.171875 	0.0917431192660551
402.34375 	0.0917431192660551
403.515625 	0.0917431192660551
404.6875 	0.0871559633027523
405.859375 	0.0871559633027523
407.03125 	0.0825688073394495
408.203125 	0.0825688073394495
409.375 	0.0825688073394495
410.546875 	0.0779816513761468
411.71875 	0.0779816513761468
412.890625 	0.0779816513761468
414.0625 	0.073394495412844
415.234375 	0.073394495412844
416.40625 	0.0688073394495413
417.578125 	0.0688073394495413
418.75 	0.0688073394495413
419.921875 	0.0688073394495413
421.09375 	0.0642201834862385
422.265625 	0.0642201834862385
423.4375 	0.0642201834862385
424.609375 	0.0642201834862385
425.78125 	0.0596330275229358
426.953125 	0.0596330275229358
428.125 	0.0596330275229358
429.296875 	0.0596330275229358
430.46875 	0.055045871559633
431.640625 	0.055045871559633
432.8125 	0.055045871559633
433.984375 	0.055045871559633
435.15625 	0.055045871559633
436.328125 	0.055045871559633
437.5 	0.055045871559633
438.671875 	0.055045871559633
439.84375 	0.0504587155963303
441.015625 	0.0504587155963303
442.1875 	0.0504587155963303
443.359375 	0.0504587155963303
444.53125 	0.0504587155963303
445.703125 	0.0504587155963303
446.875 	0.055045871559633
448.046875 	0.055045871559633
449.21875 	0.055045871559633
450.390625 	0.055045871559633
451.5625 	0.055045871559633
452.734375 	0.055045871559633
453.90625 	0.0596330275229358
455.078125 	0.0596330275229358
456.25 	0.0596330275229358
457.421875 	0.0642201834862385
458.59375 	0.0642201834862385
459.765625 	0.0688073394495413
460.9375 	0.0688073394495413
462.109375 	0.073394495412844
463.28125 	0.073394495412844
464.453125 	0.0779816513761468
465.625 	0.0779816513761468
466.796875 	0.0825688073394495
467.96875 	0.0825688073394495
469.140625 	0.0871559633027523
470.3125 	0.0917431192660551
471.484375 	0.0917431192660551
472.65625 	0.0963302752293578
473.828125 	0.100917431192661
475 	0.105504587155963
476.171875 	0.110091743119266
477.34375 	0.110091743119266
478.515625 	0.114678899082569
479.6875 	0.119266055045872
480.859375 	0.123853211009174
482.03125 	0.128440366972477
483.203125 	0.128440366972477
484.375 	0.13302752293578
485.546875 	0.137614678899083
486.71875 	0.142201834862385
487.890625 	0.146788990825688
489.0625 	0.151376146788991
490.234375 	0.155963302752294
491.40625 	0.160550458715596
492.578125 	0.165137614678899
493.75 	0.165137614678899
494.921875 	0.169724770642202
496.09375 	0.174311926605505
497.265625 	0.178899082568807
498.4375 	0.178899082568807
499.609375 	0.18348623853211
500.78125 	0.18348623853211
501.953125 	0.188073394495413
503.125 	0.188073394495413
504.296875 	0.188073394495413
505.46875 	0.188073394495413
506.640625 	0.188073394495413
507.8125 	0.192660550458716
508.984375 	0.192660550458716
510.15625 	0.192660550458716
511.328125 	0.192660550458716
512.5 	0.192660550458716
513.671875 	0.192660550458716
514.84375 	0.188073394495413
516.015625 	0.188073394495413
517.1875 	0.18348623853211
518.359375 	0.18348623853211
519.53125 	0.178899082568807
520.703125 	0.178899082568807
521.875 	0.174311926605505
523.046875 	0.174311926605505
524.21875 	0.169724770642202
525.390625 	0.165137614678899
526.5625 	0.160550458715596
527.734375 	0.155963302752294
528.90625 	0.151376146788991
530.078125 	0.146788990825688
531.25 	0.142201834862385
532.421875 	0.137614678899083
533.59375 	0.137614678899083
534.765625 	0.13302752293578
535.9375 	0.128440366972477
537.109375 	0.123853211009174
538.28125 	0.119266055045872
539.453125 	0.119266055045872
540.625 	0.114678899082569
541.796875 	0.110091743119266
542.96875 	0.105504587155963
544.140625 	0.105504587155963
545.3125 	0.100917431192661
546.484375 	0.100917431192661
547.65625 	0.0963302752293578
548.828125 	0.0917431192660551
550 	0.0917431192660551
551.171875 	0.0871559633027523
552.34375 	0.0871559633027523
553.515625 	0.0825688073394495
554.6875 	0.0825688073394495
555.859375 	0.0779816513761468
557.03125 	0.0779816513761468
558.203125 	0.073394495412844
559.375 	0.073394495412844
560.546875 	0.073394495412844
561.71875 	0.0688073394495413
562.890625 	0.0688073394495413
564.0625 	0.0688073394495413
565.234375 	0.0642201834862385
566.40625 	0.0642201834862385
567.578125 	0.0642201834862385
568.75 	0.0596330275229358
569.921875 	0.0596330275229358
571.09375 	0.0596330275229358
572.265625 	0.0596330275229358
573.4375 	0.055045871559633
574.609375 	0.055045871559633
575.78125 	0.055045871559633
576.953125 	0.055045871559633
578.125 	0.0504587155963303
579.296875 	0.0504587155963303
580.46875 	0.0504587155963303
581.640625 	0.0504587155963303
582.8125 	0.0504587155963303
583.984375 	0.0458715596330275
585.15625 	0.0458715596330275
586.328125 	0.0458715596330275
587.5 	0.0458715596330275
588.671875 	0.0458715596330275
589.84375 	0.0458715596330275
591.015625 	0.0412844036697248
592.1875 	0.0412844036697248
593.359375 	0.0412844036697248
594.53125 	0.0412844036697248
595.703125 	0.0412844036697248
596.875 	0.0412844036697248
598.046875 	0.0412844036697248
599.21875 	0.0412844036697248
600.390625 	0.0412844036697248
601.5625 	0.036697247706422
602.734375 	0.036697247706422
603.90625 	0.036697247706422
605.078125 	0.036697247706422
606.25 	0.036697247706422
607.421875 	0.036697247706422
608.59375 	0.036697247706422
609.765625 	0.036697247706422
610.9375 	0.036697247706422
612.109375 	0.036697247706422
613.28125 	0.036697247706422
614.453125 	0.036697247706422
615.625 	0.036697247706422
616.796875 	0.0321100917431193
617.96875 	0.0321100917431193
619.140625 	0.0321100917431193
620.3125 	0.0321100917431193
621.484375 	0.0321100917431193
622.65625 	0.0321100917431193
623.828125 	0.0321100917431193
625 	0.0321100917431193
626.171875 	0.0321100917431193
627.34375 	0.0321100917431193
628.515625 	0.0321100917431193
629.6875 	0.0321100917431193
630.859375 	0.0321100917431193
632.03125 	0.0321100917431193
633.203125 	0.0321100917431193
634.375 	0.0321100917431193
635.546875 	0.0321100917431193
636.71875 	0.0321100917431193
637.890625 	0.036697247706422
639.0625 	0.036697247706422
640.234375 	0.036697247706422
641.40625 	0.036697247706422
642.578125 	0.036697247706422
643.75 	0.036697247706422
644.921875 	0.036697247706422
646.09375 	0.036697247706422
647.265625 	0.036697247706422
648.4375 	0.036697247706422
649.609375 	0.036697247706422
650.78125 	0.036697247706422
651.953125 	0.036697247706422
653.125 	0.036697247706422
654.296875 	0.036697247706422
655.46875 	0.036697247706422
656.640625 	0.0412844036697248
657.8125 	0.0412844036697248
658.984375 	0.0412844036697248
660.15625 	0.0412844036697248
661.328125 	0.0412844036697248
662.5 	0.0412844036697248
663.671875 	0.0412844036697248
664.84375 	0.0412844036697248
666.015625 	0.0412844036697248
667.1875 	0.0412844036697248
668.359375 	0.0412844036697248
669.53125 	0.0412844036697248
670.703125 	0.0412844036697248
671.875 	0.0458715596330275
673.046875 	0.0458715596330275
674.21875 	0.0458715596330275
675.390625 	0.0458715596330275
676.5625 	0.0458715596330275
677.734375 	0.0458715596330275
678.90625 	0.0458715596330275
680.078125 	0.0458715596330275
681.25 	0.0458715596330275
682.421875 	0.0458715596330275
683.59375 	0.0504587155963303
684.765625 	0.0504587155963303
685.9375 	0.0504587155963303
687.109375 	0.0504587155963303
688.28125 	0.0504587155963303
689.453125 	0.0504587155963303
690.625 	0.055045871559633
691.796875 	0.055045871559633
692.96875 	0.055045871559633
694.140625 	0.055045871559633
695.3125 	0.0596330275229358
696.484375 	0.0596330275229358
697.65625 	0.0596330275229358
698.828125 	0.0596330275229358
