#No.74 `pauder reflection data'

400 	0.0229357798165138
401.171875 	0.0229357798165138
402.34375 	0.0229357798165138
403.515625 	0.0229357798165138
404.6875 	0.0229357798165138
405.859375 	0.0275229357798165
407.03125 	0.0275229357798165
408.203125 	0.0275229357798165
409.375 	0.0321100917431193
410.546875 	0.0321100917431193
411.71875 	0.036697247706422
412.890625 	0.036697247706422
414.0625 	0.0412844036697248
415.234375 	0.0412844036697248
416.40625 	0.0458715596330275
417.578125 	0.0458715596330275
418.75 	0.0504587155963303
419.921875 	0.055045871559633
421.09375 	0.0596330275229358
422.265625 	0.0642201834862385
423.4375 	0.0688073394495413
424.609375 	0.073394495412844
425.78125 	0.0779816513761468
426.953125 	0.0825688073394495
428.125 	0.0871559633027523
429.296875 	0.0917431192660551
430.46875 	0.100917431192661
431.640625 	0.110091743119266
432.8125 	0.114678899082569
433.984375 	0.119266055045872
435.15625 	0.128440366972477
436.328125 	0.13302752293578
437.5 	0.142201834862385
438.671875 	0.151376146788991
439.84375 	0.160550458715596
441.015625 	0.169724770642202
442.1875 	0.178899082568807
443.359375 	0.188073394495413
444.53125 	0.197247706422018
445.703125 	0.206422018348624
446.875 	0.220183486238532
448.046875 	0.229357798165138
449.21875 	0.243119266055046
450.390625 	0.252293577981651
451.5625 	0.26605504587156
452.734375 	0.279816513761468
453.90625 	0.288990825688073
455.078125 	0.307339449541284
456.25 	0.321100917431193
457.421875 	0.334862385321101
458.59375 	0.348623853211009
459.765625 	0.362385321100917
460.9375 	0.376146788990826
462.109375 	0.389908256880734
463.28125 	0.403669724770642
464.453125 	0.41743119266055
465.625 	0.431192660550459
466.796875 	0.440366972477064
467.96875 	0.454128440366972
469.140625 	0.467889908256881
470.3125 	0.481651376146789
471.484375 	0.490825688073394
472.65625 	0.504587155963303
473.828125 	0.518348623853211
475 	0.527522935779816
476.171875 	0.541284403669725
477.34375 	0.55045871559633
478.515625 	0.559633027522936
479.6875 	0.568807339449541
480.859375 	0.577981651376147
482.03125 	0.587155963302752
483.203125 	0.596330275229358
484.375 	0.605504587155963
485.546875 	0.614678899082569
486.71875 	0.619266055045872
487.890625 	0.623853211009174
489.0625 	0.63302752293578
490.234375 	0.637614678899083
491.40625 	0.646788990825688
492.578125 	0.655963302752294
493.75 	0.660550458715596
494.921875 	0.665137614678899
496.09375 	0.669724770642202
497.265625 	0.674311926605505
498.4375 	0.678899082568807
499.609375 	0.688073394495413
500.78125 	0.692660550458716
501.953125 	0.692660550458716
503.125 	0.697247706422018
504.296875 	0.701834862385321
505.46875 	0.701834862385321
506.640625 	0.706422018348624
507.8125 	0.706422018348624
508.984375 	0.706422018348624
510.15625 	0.711009174311927
511.328125 	0.711009174311927
512.5 	0.711009174311927
513.671875 	0.711009174311927
514.84375 	0.711009174311927
516.015625 	0.711009174311927
517.1875 	0.711009174311927
518.359375 	0.711009174311927
519.53125 	0.711009174311927
520.703125 	0.706422018348624
521.875 	0.706422018348624
523.046875 	0.701834862385321
524.21875 	0.697247706422018
525.390625 	0.697247706422018
526.5625 	0.692660550458716
527.734375 	0.688073394495413
528.90625 	0.68348623853211
530.078125 	0.678899082568807
531.25 	0.674311926605505
532.421875 	0.669724770642202
533.59375 	0.665137614678899
534.765625 	0.660550458715596
535.9375 	0.651376146788991
537.109375 	0.646788990825688
538.28125 	0.637614678899083
539.453125 	0.63302752293578
540.625 	0.623853211009174
541.796875 	0.619266055045872
542.96875 	0.610091743119266
544.140625 	0.605504587155963
545.3125 	0.596330275229358
546.484375 	0.591743119266055
547.65625 	0.582568807339449
548.828125 	0.577981651376147
550 	0.573394495412844
551.171875 	0.564220183486238
552.34375 	0.559633027522936
553.515625 	0.55045871559633
554.6875 	0.541284403669725
555.859375 	0.532110091743119
557.03125 	0.527522935779816
558.203125 	0.518348623853211
559.375 	0.509174311926605
560.546875 	0.5
561.71875 	0.490825688073394
562.890625 	0.486238532110092
564.0625 	0.477064220183486
565.234375 	0.467889908256881
566.40625 	0.458715596330275
567.578125 	0.44954128440367
568.75 	0.440366972477064
569.921875 	0.431192660550459
571.09375 	0.422018348623853
572.265625 	0.412844036697248
573.4375 	0.403669724770642
574.609375 	0.394495412844037
575.78125 	0.385321100917431
576.953125 	0.380733944954128
578.125 	0.371559633027523
579.296875 	0.362385321100917
580.46875 	0.353211009174312
581.640625 	0.348623853211009
582.8125 	0.339449541284404
583.984375 	0.334862385321101
585.15625 	0.325688073394495
586.328125 	0.321100917431193
587.5 	0.31651376146789
588.671875 	0.311926605504587
589.84375 	0.302752293577982
591.015625 	0.298165137614679
592.1875 	0.293577981651376
593.359375 	0.288990825688073
594.53125 	0.284403669724771
595.703125 	0.279816513761468
596.875 	0.275229357798165
598.046875 	0.270642201834862
599.21875 	0.26605504587156
600.390625 	0.256880733944954
601.5625 	0.247706422018349
602.734375 	0.243119266055046
603.90625 	0.238532110091743
605.078125 	0.23394495412844
606.25 	0.229357798165138
607.421875 	0.224770642201835
608.59375 	0.220183486238532
609.765625 	0.215596330275229
610.9375 	0.211009174311927
612.109375 	0.206422018348624
613.28125 	0.201834862385321
614.453125 	0.197247706422018
615.625 	0.192660550458716
616.796875 	0.188073394495413
617.96875 	0.18348623853211
619.140625 	0.18348623853211
620.3125 	0.178899082568807
621.484375 	0.174311926605505
622.65625 	0.169724770642202
623.828125 	0.169724770642202
625 	0.165137614678899
626.171875 	0.160550458715596
627.34375 	0.155963302752294
628.515625 	0.155963302752294
629.6875 	0.151376146788991
630.859375 	0.151376146788991
632.03125 	0.146788990825688
633.203125 	0.146788990825688
634.375 	0.142201834862385
635.546875 	0.142201834862385
636.71875 	0.137614678899083
637.890625 	0.137614678899083
639.0625 	0.13302752293578
640.234375 	0.128440366972477
641.40625 	0.128440366972477
642.578125 	0.123853211009174
643.75 	0.123853211009174
644.921875 	0.123853211009174
646.09375 	0.119266055045872
647.265625 	0.119266055045872
648.4375 	0.114678899082569
649.609375 	0.114678899082569
650.78125 	0.114678899082569
651.953125 	0.110091743119266
653.125 	0.110091743119266
654.296875 	0.110091743119266
655.46875 	0.105504587155963
656.640625 	0.105504587155963
657.8125 	0.105504587155963
658.984375 	0.105504587155963
660.15625 	0.100917431192661
661.328125 	0.100917431192661
662.5 	0.100917431192661
663.671875 	0.100917431192661
664.84375 	0.0963302752293578
666.015625 	0.0963302752293578
667.1875 	0.0963302752293578
668.359375 	0.0963302752293578
669.53125 	0.0917431192660551
670.703125 	0.0917431192660551
671.875 	0.0917431192660551
673.046875 	0.0917431192660551
674.21875 	0.0917431192660551
675.390625 	0.0871559633027523
676.5625 	0.0871559633027523
677.734375 	0.0871559633027523
678.90625 	0.0871559633027523
680.078125 	0.0871559633027523
681.25 	0.0871559633027523
682.421875 	0.0871559633027523
683.59375 	0.0825688073394495
684.765625 	0.0825688073394495
685.9375 	0.0825688073394495
687.109375 	0.0825688073394495
688.28125 	0.0825688073394495
689.453125 	0.0825688073394495
690.625 	0.0825688073394495
691.796875 	0.0779816513761468
692.96875 	0.0779816513761468
694.140625 	0.0779816513761468
695.3125 	0.0779816513761468
696.484375 	0.0779816513761468
697.65625 	0.0779816513761468
698.828125 	0.0779816513761468
