#No.84 `pauder reflection data'

400 	0.0409090909090909
401.171875 	0.0409090909090909
402.34375 	0.0409090909090909
403.515625 	0.0409090909090909
404.6875 	0.0409090909090909
405.859375 	0.0409090909090909
407.03125 	0.0409090909090909
408.203125 	0.0409090909090909
409.375 	0.0409090909090909
410.546875 	0.0409090909090909
411.71875 	0.0409090909090909
412.890625 	0.0409090909090909
414.0625 	0.0409090909090909
415.234375 	0.0409090909090909
416.40625 	0.0409090909090909
417.578125 	0.0409090909090909
418.75 	0.0409090909090909
419.921875 	0.0409090909090909
421.09375 	0.0409090909090909
422.265625 	0.0409090909090909
423.4375 	0.0409090909090909
424.609375 	0.0409090909090909
425.78125 	0.0409090909090909
426.953125 	0.0409090909090909
428.125 	0.0409090909090909
429.296875 	0.0409090909090909
430.46875 	0.0409090909090909
431.640625 	0.0409090909090909
432.8125 	0.0409090909090909
433.984375 	0.0409090909090909
435.15625 	0.0409090909090909
436.328125 	0.0409090909090909
437.5 	0.0409090909090909
438.671875 	0.0409090909090909
439.84375 	0.0409090909090909
441.015625 	0.0409090909090909
442.1875 	0.0409090909090909
443.359375 	0.0409090909090909
444.53125 	0.0409090909090909
445.703125 	0.0409090909090909
446.875 	0.0409090909090909
448.046875 	0.0409090909090909
449.21875 	0.0409090909090909
450.390625 	0.0409090909090909
451.5625 	0.0409090909090909
452.734375 	0.0409090909090909
453.90625 	0.0409090909090909
455.078125 	0.0409090909090909
456.25 	0.0409090909090909
457.421875 	0.0409090909090909
458.59375 	0.0454545454545455
459.765625 	0.0454545454545455
460.9375 	0.0454545454545455
462.109375 	0.0454545454545455
463.28125 	0.0454545454545455
464.453125 	0.0454545454545455
465.625 	0.0454545454545455
466.796875 	0.0454545454545455
467.96875 	0.0454545454545455
469.140625 	0.0454545454545455
470.3125 	0.0454545454545455
471.484375 	0.0454545454545455
472.65625 	0.0454545454545455
473.828125 	0.0454545454545455
475 	0.0454545454545455
476.171875 	0.0454545454545455
477.34375 	0.0454545454545455
478.515625 	0.0454545454545455
479.6875 	0.0454545454545455
480.859375 	0.0454545454545455
482.03125 	0.0454545454545455
483.203125 	0.0454545454545455
484.375 	0.0454545454545455
485.546875 	0.0454545454545455
486.71875 	0.05
487.890625 	0.05
489.0625 	0.05
490.234375 	0.05
491.40625 	0.05
492.578125 	0.05
493.75 	0.05
494.921875 	0.0545454545454545
496.09375 	0.0545454545454545
497.265625 	0.0545454545454545
498.4375 	0.0590909090909091
499.609375 	0.0590909090909091
500.78125 	0.0636363636363636
501.953125 	0.0636363636363636
503.125 	0.0681818181818182
504.296875 	0.0727272727272727
505.46875 	0.0772727272727273
506.640625 	0.0818181818181818
507.8125 	0.0863636363636364
508.984375 	0.0909090909090909
510.15625 	0.1
511.328125 	0.109090909090909
512.5 	0.118181818181818
513.671875 	0.127272727272727
514.84375 	0.136363636363636
516.015625 	0.140909090909091
517.1875 	0.15
518.359375 	0.159090909090909
519.53125 	0.168181818181818
520.703125 	0.181818181818182
521.875 	0.190909090909091
523.046875 	0.204545454545455
524.21875 	0.213636363636364
525.390625 	0.227272727272727
526.5625 	0.240909090909091
527.734375 	0.254545454545455
528.90625 	0.268181818181818
530.078125 	0.281818181818182
531.25 	0.295454545454545
532.421875 	0.309090909090909
533.59375 	0.322727272727273
534.765625 	0.336363636363636
535.9375 	0.35
537.109375 	0.368181818181818
538.28125 	0.381818181818182
539.453125 	0.395454545454545
540.625 	0.409090909090909
541.796875 	0.427272727272727
542.96875 	0.440909090909091
544.140625 	0.454545454545455
545.3125 	0.468181818181818
546.484375 	0.486363636363636
547.65625 	0.5
548.828125 	0.513636363636364
550 	0.527272727272727
551.171875 	0.540909090909091
552.34375 	0.554545454545455
553.515625 	0.568181818181818
554.6875 	0.577272727272727
555.859375 	0.590909090909091
557.03125 	0.6
558.203125 	0.609090909090909
559.375 	0.618181818181818
560.546875 	0.622727272727273
561.71875 	0.631818181818182
562.890625 	0.640909090909091
564.0625 	0.65
565.234375 	0.654545454545455
566.40625 	0.663636363636364
567.578125 	0.672727272727273
568.75 	0.681818181818182
569.921875 	0.686363636363636
571.09375 	0.690909090909091
572.265625 	0.695454545454545
573.4375 	0.704545454545455
574.609375 	0.709090909090909
575.78125 	0.713636363636364
576.953125 	0.718181818181818
578.125 	0.722727272727273
579.296875 	0.727272727272727
580.46875 	0.731818181818182
581.640625 	0.736363636363636
582.8125 	0.740909090909091
583.984375 	0.740909090909091
585.15625 	0.745454545454545
586.328125 	0.75
587.5 	0.754545454545455
588.671875 	0.754545454545455
589.84375 	0.759090909090909
591.015625 	0.763636363636364
592.1875 	0.763636363636364
593.359375 	0.768181818181818
594.53125 	0.768181818181818
595.703125 	0.772727272727273
596.875 	0.772727272727273
598.046875 	0.777272727272727
599.21875 	0.781818181818182
600.390625 	0.781818181818182
601.5625 	0.786363636363636
602.734375 	0.786363636363636
603.90625 	0.790909090909091
605.078125 	0.790909090909091
606.25 	0.790909090909091
607.421875 	0.795454545454545
608.59375 	0.795454545454545
609.765625 	0.795454545454545
610.9375 	0.8
612.109375 	0.8
613.28125 	0.8
614.453125 	0.804545454545455
615.625 	0.804545454545455
616.796875 	0.809090909090909
617.96875 	0.809090909090909
619.140625 	0.809090909090909
620.3125 	0.809090909090909
621.484375 	0.813636363636364
622.65625 	0.813636363636364
623.828125 	0.813636363636364
625 	0.813636363636364
626.171875 	0.818181818181818
627.34375 	0.818181818181818
628.515625 	0.818181818181818
629.6875 	0.818181818181818
630.859375 	0.822727272727273
632.03125 	0.822727272727273
633.203125 	0.822727272727273
634.375 	0.822727272727273
635.546875 	0.822727272727273
636.71875 	0.827272727272727
637.890625 	0.827272727272727
639.0625 	0.827272727272727
640.234375 	0.827272727272727
641.40625 	0.827272727272727
642.578125 	0.831818181818182
643.75 	0.831818181818182
644.921875 	0.831818181818182
646.09375 	0.831818181818182
647.265625 	0.831818181818182
648.4375 	0.836363636363636
649.609375 	0.836363636363636
650.78125 	0.836363636363636
651.953125 	0.836363636363636
653.125 	0.836363636363636
654.296875 	0.836363636363636
655.46875 	0.836363636363636
656.640625 	0.840909090909091
657.8125 	0.840909090909091
658.984375 	0.840909090909091
660.15625 	0.840909090909091
661.328125 	0.840909090909091
662.5 	0.840909090909091
663.671875 	0.840909090909091
664.84375 	0.840909090909091
666.015625 	0.840909090909091
667.1875 	0.845454545454545
668.359375 	0.845454545454545
669.53125 	0.845454545454545
670.703125 	0.845454545454545
671.875 	0.845454545454545
673.046875 	0.845454545454545
674.21875 	0.845454545454545
675.390625 	0.845454545454545
676.5625 	0.845454545454545
677.734375 	0.845454545454545
678.90625 	0.845454545454545
680.078125 	0.845454545454545
681.25 	0.85
682.421875 	0.85
683.59375 	0.85
684.765625 	0.85
685.9375 	0.85
687.109375 	0.85
688.28125 	0.85
689.453125 	0.85
690.625 	0.85
691.796875 	0.85
692.96875 	0.85
694.140625 	0.85
695.3125 	0.85
696.484375 	0.85
697.65625 	0.85
698.828125 	0.85
