#No.92 `pauder reflection data'

400 	0.036697247706422
401.171875 	0.036697247706422
402.34375 	0.036697247706422
403.515625 	0.036697247706422
404.6875 	0.036697247706422
405.859375 	0.036697247706422
407.03125 	0.036697247706422
408.203125 	0.036697247706422
409.375 	0.0412844036697248
410.546875 	0.0412844036697248
411.71875 	0.0412844036697248
412.890625 	0.0412844036697248
414.0625 	0.0412844036697248
415.234375 	0.0412844036697248
416.40625 	0.0412844036697248
417.578125 	0.0412844036697248
418.75 	0.0412844036697248
419.921875 	0.0412844036697248
421.09375 	0.0412844036697248
422.265625 	0.0412844036697248
423.4375 	0.0412844036697248
424.609375 	0.0412844036697248
425.78125 	0.0458715596330275
426.953125 	0.0458715596330275
428.125 	0.0458715596330275
429.296875 	0.0458715596330275
430.46875 	0.0458715596330275
431.640625 	0.0458715596330275
432.8125 	0.0458715596330275
433.984375 	0.0458715596330275
435.15625 	0.0458715596330275
436.328125 	0.0458715596330275
437.5 	0.0458715596330275
438.671875 	0.0458715596330275
439.84375 	0.0458715596330275
441.015625 	0.0458715596330275
442.1875 	0.0504587155963303
443.359375 	0.0504587155963303
444.53125 	0.0504587155963303
445.703125 	0.0504587155963303
446.875 	0.0504587155963303
448.046875 	0.0504587155963303
449.21875 	0.0504587155963303
450.390625 	0.0504587155963303
451.5625 	0.0504587155963303
452.734375 	0.055045871559633
453.90625 	0.055045871559633
455.078125 	0.055045871559633
456.25 	0.055045871559633
457.421875 	0.0596330275229358
458.59375 	0.0596330275229358
459.765625 	0.0596330275229358
460.9375 	0.0596330275229358
462.109375 	0.0642201834862385
463.28125 	0.0642201834862385
464.453125 	0.0642201834862385
465.625 	0.0688073394495413
466.796875 	0.073394495412844
467.96875 	0.073394495412844
469.140625 	0.0779816513761468
470.3125 	0.0779816513761468
471.484375 	0.0825688073394495
472.65625 	0.0871559633027523
473.828125 	0.0917431192660551
475 	0.0917431192660551
476.171875 	0.0963302752293578
477.34375 	0.100917431192661
478.515625 	0.105504587155963
479.6875 	0.110091743119266
480.859375 	0.119266055045872
482.03125 	0.123853211009174
483.203125 	0.128440366972477
484.375 	0.13302752293578
485.546875 	0.137614678899083
486.71875 	0.146788990825688
487.890625 	0.151376146788991
489.0625 	0.155963302752294
490.234375 	0.160550458715596
491.40625 	0.165137614678899
492.578125 	0.178899082568807
493.75 	0.188073394495413
494.921875 	0.197247706422018
496.09375 	0.201834862385321
497.265625 	0.215596330275229
498.4375 	0.224770642201835
499.609375 	0.243119266055046
500.78125 	0.256880733944954
501.953125 	0.270642201834862
503.125 	0.288990825688073
504.296875 	0.307339449541284
505.46875 	0.321100917431193
506.640625 	0.339449541284404
507.8125 	0.353211009174312
508.984375 	0.376146788990826
510.15625 	0.394495412844037
511.328125 	0.422018348623853
512.5 	0.444954128440367
513.671875 	0.458715596330275
514.84375 	0.477064220183486
516.015625 	0.490825688073394
517.1875 	0.504587155963303
518.359375 	0.527522935779816
519.53125 	0.545871559633027
520.703125 	0.555045871559633
521.875 	0.568807339449541
523.046875 	0.600917431192661
524.21875 	0.614678899082569
525.390625 	0.63302752293578
526.5625 	0.651376146788991
527.734375 	0.665137614678899
528.90625 	0.678899082568807
530.078125 	0.697247706422018
531.25 	0.711009174311927
532.421875 	0.729357798165138
533.59375 	0.738532110091743
534.765625 	0.752293577981651
535.9375 	0.761467889908257
537.109375 	0.770642201834862
538.28125 	0.779816513761468
539.453125 	0.788990825688073
540.625 	0.798165137614679
541.796875 	0.807339449541284
542.96875 	0.81651376146789
544.140625 	0.825688073394495
545.3125 	0.830275229357798
546.484375 	0.834862385321101
547.65625 	0.844036697247706
548.828125 	0.848623853211009
550 	0.853211009174312
551.171875 	0.857798165137615
552.34375 	0.862385321100917
553.515625 	0.871559633027523
554.6875 	0.876146788990826
555.859375 	0.880733944954128
557.03125 	0.885321100917431
558.203125 	0.889908256880734
559.375 	0.894495412844037
560.546875 	0.894495412844037
561.71875 	0.899082568807339
562.890625 	0.899082568807339
564.0625 	0.903669724770642
565.234375 	0.903669724770642
566.40625 	0.908256880733945
567.578125 	0.908256880733945
568.75 	0.912844036697248
569.921875 	0.912844036697248
571.09375 	0.912844036697248
572.265625 	0.912844036697248
573.4375 	0.917431192660551
574.609375 	0.917431192660551
575.78125 	0.917431192660551
576.953125 	0.917431192660551
578.125 	0.922018348623853
579.296875 	0.922018348623853
580.46875 	0.922018348623853
581.640625 	0.922018348623853
582.8125 	0.922018348623853
583.984375 	0.926605504587156
585.15625 	0.926605504587156
586.328125 	0.926605504587156
587.5 	0.926605504587156
588.671875 	0.926605504587156
589.84375 	0.926605504587156
591.015625 	0.931192660550459
592.1875 	0.931192660550459
593.359375 	0.931192660550459
594.53125 	0.931192660550459
595.703125 	0.931192660550459
596.875 	0.931192660550459
598.046875 	0.931192660550459
599.21875 	0.931192660550459
600.390625 	0.931192660550459
601.5625 	0.935779816513762
602.734375 	0.935779816513762
603.90625 	0.935779816513762
605.078125 	0.935779816513762
606.25 	0.935779816513762
607.421875 	0.935779816513762
608.59375 	0.935779816513762
609.765625 	0.935779816513762
610.9375 	0.935779816513762
612.109375 	0.935779816513762
613.28125 	0.935779816513762
614.453125 	0.940366972477064
615.625 	0.940366972477064
616.796875 	0.940366972477064
617.96875 	0.940366972477064
619.140625 	0.940366972477064
620.3125 	0.940366972477064
621.484375 	0.940366972477064
622.65625 	0.940366972477064
623.828125 	0.940366972477064
625 	0.940366972477064
626.171875 	0.940366972477064
627.34375 	0.940366972477064
628.515625 	0.940366972477064
629.6875 	0.944954128440367
630.859375 	0.944954128440367
632.03125 	0.944954128440367
633.203125 	0.944954128440367
634.375 	0.944954128440367
635.546875 	0.944954128440367
636.71875 	0.944954128440367
637.890625 	0.944954128440367
639.0625 	0.944954128440367
640.234375 	0.944954128440367
641.40625 	0.944954128440367
642.578125 	0.944954128440367
643.75 	0.944954128440367
644.921875 	0.944954128440367
646.09375 	0.944954128440367
647.265625 	0.944954128440367
648.4375 	0.944954128440367
649.609375 	0.944954128440367
650.78125 	0.94954128440367
651.953125 	0.94954128440367
653.125 	0.94954128440367
654.296875 	0.94954128440367
655.46875 	0.94954128440367
656.640625 	0.94954128440367
657.8125 	0.94954128440367
658.984375 	0.94954128440367
660.15625 	0.94954128440367
661.328125 	0.94954128440367
662.5 	0.94954128440367
663.671875 	0.94954128440367
664.84375 	0.94954128440367
666.015625 	0.94954128440367
667.1875 	0.94954128440367
668.359375 	0.94954128440367
669.53125 	0.94954128440367
670.703125 	0.94954128440367
671.875 	0.94954128440367
673.046875 	0.94954128440367
674.21875 	0.94954128440367
675.390625 	0.94954128440367
676.5625 	0.94954128440367
677.734375 	0.94954128440367
678.90625 	0.94954128440367
680.078125 	0.94954128440367
681.25 	0.94954128440367
682.421875 	0.94954128440367
683.59375 	0.94954128440367
684.765625 	0.94954128440367
685.9375 	0.94954128440367
687.109375 	0.94954128440367
688.28125 	0.94954128440367
689.453125 	0.94954128440367
690.625 	0.94954128440367
691.796875 	0.94954128440367
692.96875 	0.94954128440367
694.140625 	0.94954128440367
695.3125 	0.94954128440367
696.484375 	0.94954128440367
697.65625 	0.94954128440367
698.828125 	0.94954128440367
